SampleIDs,BestCalls,cluster4,cluster5,cluster1,cluster3,cluster2,Label
1,cluster5,0.0208231162853555,0.830490269124785,0.0932121824980324,0.0223095649044598,0.0331648671873672,cluster5
2,cluster2,0.0372573566369346,0.0240574871421039,0.0465781177750863,0.0235603142276513,0.868546724218224,cluster2
3,cluster5,0.362998029874793,0.101613813842198,0.373797216193981,0.0592599348529596,0.102331005236069,cluster1
4,cluster5,0.0590785829212914,0.872229217691658,0.0232248293659025,0.0234308035471207,0.0220365664740272,cluster5
5,cluster2,0.0346256598106122,0.446481936966648,0.167866759016836,0.0370973966777428,0.313928247528161,cluster5
6,cluster5,0.0579496830541645,0.828439154393579,0.0704264711789212,0.022254465550592,0.0209302258227432,cluster5
7,cluster3,0.021931141261691,0.031960945446624,0.0232901324016225,0.82625091514111,0.0965668657489523,cluster3
8,cluster3,0.0231719973271278,0.0337692842166548,0.02460787969578,0.872999894019672,0.0454509447407649,cluster3
9,cluster5,0.25842980463268,0.454192567237976,0.104295661273893,0.0852037776064606,0.0978781892489897,cluster5
10,cluster1,0.0326254769440705,0.0232270095265611,0.878649211797467,0.0233457830247867,0.0421525187071147,cluster1
11,cluster5,0.0375231857869179,0.858553407994867,0.0425488215690801,0.024682366778404,0.036692217870731,cluster5
12,cluster2,0.0645972185036698,0.0234999393947953,0.0301557436490581,0.0236201085455772,0.8581269899069,cluster2
13,cluster1,0.0213940129444941,0.0705249651069566,0.862670027433071,0.0229212147601421,0.0224897797553363,cluster1
14,cluster2,0.0222514456462413,0.0243429267219133,0.14935562261592,0.0238398549026018,0.780210150113323,cluster2
15,cluster4,0.740162185133026,0.0204983913925387,0.189323834324773,0.0202485119089178,0.0297670772407441,cluster4
16,cluster5,0.0372629246953003,0.872883964083492,0.02859777429515,0.0247988565229255,0.0364564804031324,cluster5
17,cluster1,0.0406079782806061,0.0429848135373994,0.861996629865594,0.0243895774867006,0.0300210008296998,cluster1
18,cluster3,0.0225336683064707,0.0879809080356901,0.0239277030432107,0.835564842398375,0.0299928782162534,cluster3
19,cluster5,0.030198873576004,0.898597234438603,0.0248242077132664,0.0240986222120109,0.0222810620601161,cluster5
20,cluster1,0.0452085336933878,0.0244336866019071,0.374508655358498,0.0159784383972905,0.539870685948916,cluster2
21,cluster5,0.223962298507842,0.361964938132158,0.0685628963886732,0.0680868055099468,0.27742306146138,cluster2
22,cluster4,0.850696183006866,0.0286112549918634,0.0671818117241273,0.0232723748098393,0.0302383754673042,cluster4
23,cluster5,0.0228479585969284,0.898386429335168,0.0242614367539034,0.0240929688309928,0.0304112064830071,cluster5
24,cluster1,0.0387729564623558,0.0271752334367213,0.888209687130376,0.0236248451407943,0.0222172778297523,cluster1
25,cluster1,0.0230918591201548,0.0285312147240787,0.90158073572979,0.0243150364590702,0.0224811539669065,cluster1
26,cluster4,0.787913233818674,0.0264786739396743,0.059317320262121,0.0215548305744693,0.104735941405062,cluster4
27,cluster1,0.164846310324772,0.0363123863536388,0.752746134926802,0.0200217483840241,0.0260734200107636,cluster1
28,cluster2,0.0213629740249341,0.0228119074687555,0.10441613078516,0.0225270658267579,0.828881921894392,cluster2
29,cluster1,0.0272114297473816,0.0656993084697973,0.863340156176969,0.0230527491335476,0.0206963564723042,cluster1
30,cluster3,0.0313110733544072,0.0329190535023237,0.024089602277997,0.803963436724817,0.107716834140455,cluster3
31,cluster1,0.0627540747500638,0.0265985674856117,0.850303907665036,0.0243226188929755,0.0360208312063132,cluster1
32,cluster5,0.0278623882215753,0.893026333683579,0.0338978114135318,0.0238243660168206,0.0213891006644936,cluster5
33,cluster1,0.076068690656898,0.0549334602200544,0.812941937686539,0.0269344931444672,0.0291214182920416,cluster1
34,cluster2,0.0370425397546119,0.0369180354365189,0.0331589168653966,0.0333368411507462,0.859543666792726,cluster2
35,cluster1,0.0887219963917003,0.0512380581424232,0.816322077555687,0.0230362890310689,0.0206815788791201,cluster1
36,cluster1,0.0272375005507677,0.016112424856207,0.38735885024945,0.0151948085145839,0.554096415828991,cluster2
37,cluster2,0.0335892093991119,0.0229476082473796,0.132215647239566,0.0216528033928469,0.789594731721096,cluster2
38,cluster5,0.708129638248669,0.0680720561788235,0.0638883194923642,0.0642311317631633,0.0956788543169801,cluster4
39,cluster5,0.0454434106976519,0.0678110126778645,0.25901796137515,0.0498517481355185,0.577875867113815,cluster2
40,cluster5,0.0260381624764312,0.884791824605053,0.0284413920679489,0.0285940030346635,0.0321346178159034,cluster5
41,cluster5,0.0315268019251277,0.51675832410595,0.408511120658695,0.0227653862380928,0.0204383670721336,cluster1
42,cluster2,0.0396988890981124,0.0583498101199722,0.0426523110354142,0.0262336852637035,0.833065304482798,cluster2
43,cluster1,0.0230220312829197,0.0284925361571737,0.891972705558251,0.0240701897160608,0.0324425372855952,cluster1
44,cluster2,0.137526049415567,0.0346500466910084,0.181965435785337,0.036234760385615,0.609623707722473,cluster2
45,cluster5,0.0533662675984845,0.456574770560599,0.392498485459742,0.0438047071530852,0.0537557692280896,cluster1
46,cluster4,0.530000051209216,0.0495848979033862,0.309246463618127,0.0265713809737811,0.0845972062954897,cluster1
47,cluster5,0.34338519919975,0.144857134101214,0.231344441723308,0.147245624844431,0.133167600131297,cluster4
48,cluster5,0.0248414586586538,0.900718288141989,0.0261081823925586,0.0253792807617698,0.0229527900450286,cluster5
49,cluster5,0.0422197914925382,0.868104700740018,0.0446749643229598,0.023629888135253,0.0213706553092308,cluster5
50,cluster5,0.0526810744099877,0.877277484585333,0.0245654016233732,0.0238795721376192,0.0215964672436867,cluster5
51,cluster5,0.0260660987906303,0.893169235247151,0.028035560188614,0.0272528490356773,0.0254762567379273,cluster5
52,cluster4,0.583224727566962,0.0471647211290302,0.312540840806372,0.0247847618476693,0.0322849486499663,cluster1
53,cluster5,0.0238661143172008,0.902944833734013,0.0256693527398408,0.0249527025804372,0.0225669966285081,cluster5
54,cluster3,0.0365339697632043,0.0233317641720603,0.0410815815226286,0.844991053829934,0.0540616307121733,cluster3
55,cluster5,0.0229238063869318,0.880507475764213,0.0294482256844367,0.0239674927883998,0.0431529993760191,cluster5
56,cluster5,0.0226377953607099,0.869521741436822,0.0479152830057076,0.023668460110638,0.0362567200861222,cluster5
57,cluster1,0.0267591021334427,0.0533657641486522,0.875160440516182,0.0233413110747374,0.0213733821269852,cluster1
58,cluster3,0.0217051879607751,0.12398899560291,0.0233415369904412,0.809694774234573,0.0212695052113,cluster3
59,cluster1,0.0153438634851934,0.34835601614508,0.605369873835552,0.016145755550989,0.0147844909831854,cluster1
60,cluster5,0.0213146049324261,0.82471853291559,0.0773493776210197,0.0220480040710466,0.054569480459918,cluster5
61,cluster1,0.0940842159028199,0.591028046975666,0.12775554349408,0.0976840146000967,0.0894481790273366,cluster5
62,cluster1,0.0222781005976207,0.0499300672952907,0.878950139323885,0.0234423857287722,0.0253993070544313,cluster1
63,cluster5,0.023005411082163,0.905503469516407,0.0247397836279985,0.0242077064906796,0.022543629282752,cluster5
64,cluster5,0.0296697169406238,0.899493344889103,0.0247703031961181,0.0240470319733,0.0220196030008547,cluster5
65,cluster2,0.0253460542858271,0.104628742853041,0.0233971501597891,0.0228939489650806,0.823734103736262,cluster2
66,cluster4,0.845990519750067,0.0235387752961021,0.0860224704630378,0.0232022181901608,0.021246016300632,cluster4
67,cluster1,0.0253323305353213,0.411694920061977,0.533303273112707,0.0154876266820197,0.0141818496079755,cluster1
68,cluster5,0.0728310177321365,0.695589145225458,0.195955947852835,0.0185958623380134,0.017028026851557,cluster5
69,cluster1,0.0296049330257097,0.0244033510942251,0.899652088243701,0.0239945252076839,0.0223451024286807,cluster1
70,cluster1,0.439580016951422,0.072431696554068,0.384931476179943,0.0537962109472739,0.0492605993672925,cluster4
71,cluster2,0.0389745020454294,0.0347576085067012,0.0253751842476985,0.0257422300372666,0.875150475162904,cluster2
72,cluster1,0.0226174095278329,0.0239364022360103,0.858219138470885,0.0240945914583889,0.0711324583068826,cluster1
73,cluster4,0.721471345132201,0.0316139866344934,0.199435667445318,0.0201088983945881,0.0273701023933992,cluster4
74,cluster2,0.0182908941243985,0.278552571796358,0.0235478237320192,0.0194855038899875,0.660123206457237,cluster2
75,cluster5,0.0366194382347895,0.849861013148226,0.0384548764361294,0.0390111167513312,0.0360535554295243,cluster5
76,cluster2,0.0276313078440352,0.0245391654210339,0.0243491339183306,0.0247013381426275,0.898779054673973,cluster2
77,cluster5,0.090184028409192,0.0814983633580102,0.718338268915353,0.0571562723408699,0.0528230669765747,cluster1
78,cluster4,0.801140528821019,0.0221828428783623,0.123954712100035,0.0223294433001999,0.030392472900383,cluster4
79,cluster5,0.0321355760901932,0.896906442830114,0.0240370969389893,0.024384787625243,0.02253609651546,cluster5
80,cluster3,0.0235834974341167,0.058334476017898,0.0247655486669686,0.870097417924079,0.0232190599569381,cluster3
81,cluster1,0.0227260280438838,0.0240513551216302,0.896644473197334,0.0242103040366062,0.0323678396005457,cluster1
82,cluster5,0.0563690861561742,0.850463409068719,0.0361017003949815,0.0296571035682145,0.027408700811911,cluster5
83,cluster1,0.0304402709896629,0.0341407672820313,0.889219576922083,0.0240098243574943,0.0221895604487284,cluster1
84,cluster5,0.0233352030583392,0.904574327018683,0.0253257033259646,0.0242129764021052,0.0225517901949076,cluster5
85,cluster3,0.0196838848041405,0.221717973428776,0.0213629264594711,0.718212160774343,0.0190230545332696,cluster3
86,cluster1,0.0305735798348832,0.028851265628332,0.887892378229884,0.0272770915443393,0.0254056847625616,cluster1
87,cluster2,0.0245949196275052,0.0334949032789424,0.393083648415343,0.0255200782724555,0.523306450405754,cluster2
88,cluster3,0.0351917157814229,0.0259807115582292,0.0521966048701882,0.863753019340396,0.0228779484497635,cluster3
89,cluster1,0.0229930704921444,0.0402182339101586,0.873452010962003,0.0238468412551317,0.0394898433805622,cluster1
90,cluster1,0.0231218982153868,0.0267891809186174,0.898160440242029,0.0239916479175855,0.0279368327063809,cluster1
91,cluster2,0.0556741298987346,0.0242891321604058,0.0508424880556137,0.0229638758315452,0.846230374053701,cluster2
92,cluster5,0.0315599689831425,0.895463730972814,0.0250706305854626,0.0239691107069613,0.0239365587516195,cluster5
93,cluster5,0.0232842679090385,0.902599858303537,0.0269947716089039,0.0241601252842053,0.0229609768943149,cluster5
94,cluster2,0.0196754991553671,0.184772486132416,0.0228109214369647,0.0204156096502573,0.752325483624995,cluster2
95,cluster2,0.0283451904564619,0.113212971586761,0.0436130059954739,0.0215275562667295,0.793301275694574,cluster2
96,cluster1,0.0229900845354545,0.040231784611977,0.865293511963915,0.0238548759549119,0.047629742933742,cluster1
97,cluster4,0.849916514744758,0.0550823659561592,0.0370925395163091,0.0299828092341917,0.0279257705485824,cluster4
98,cluster4,0.886774893292298,0.037863131901068,0.0269195467446908,0.0261522427482055,0.0222901853137381,cluster4
99,cluster5,0.0268889390921718,0.888371238758776,0.0281931967073294,0.0305273937394884,0.0260192317022346,cluster5
100,cluster1,0.194650751200702,0.501395995171587,0.152757606239151,0.0816248365569447,0.069570810831615,cluster5
101,cluster5,0.0567797357180987,0.872177596275936,0.0236242028459206,0.0255801195425091,0.0218383456175356,cluster5
102,cluster5,0.028352109859389,0.897904522720785,0.0245064307382659,0.0265353896566846,0.0227015470248758,cluster5
103,cluster4,0.711091797000128,0.0198604651140515,0.108124154786769,0.0209711003683944,0.139952482730657,cluster4
104,cluster2,0.0304449120333742,0.0237572641418662,0.0655480721017295,0.0250858158626425,0.855163935860388,cluster2
105,cluster1,0.0232610975928764,0.0339163840539002,0.886603510920726,0.0255485395883348,0.0306704678441627,cluster1
106,cluster5,0.0230347464718642,0.904371823471888,0.0241520550944234,0.026151674219107,0.0222897007427174,cluster5
107,cluster2,0.543875890702359,0.0151902021641039,0.171686226890998,0.0160396673678223,0.253208012874717,cluster4
108,cluster1,0.0244113246136594,0.0756643818090717,0.568524735310008,0.0277145228983987,0.303685035368862,cluster1
109,cluster5,0.138226773179123,0.789628025907298,0.0298499123048561,0.0228336336359181,0.019461654972805,cluster5
110,cluster5,0.0141376428061599,0.45286595995226,0.0148233942308295,0.504492634193076,0.0136803688176748,cluster3
111,cluster1,0.0354905288457282,0.048805125017896,0.695865605968455,0.0337099287021349,0.186128811465786,cluster1
112,cluster3,0.033710857486451,0.0238234907079657,0.0242610145712685,0.819299393657853,0.0989052435764615,cluster3
113,cluster5,0.0266973259467526,0.894486116116018,0.025117474007904,0.0241214988951584,0.0295775850341672,cluster5
114,cluster5,0.0317282325773074,0.808681931247898,0.106981487831191,0.0272978941059902,0.0253104542376129,cluster5
115,cluster5,0.023237383058869,0.899302659231653,0.0253351549803036,0.0243305482340204,0.0277942544951544,cluster5
116,cluster5,0.0211890241453579,0.846320163060614,0.088706045947437,0.0227194345853105,0.0210653322612808,cluster5
117,cluster4,0.892455997182066,0.0250648603908208,0.0348331662861254,0.0244205586668772,0.0232254174741105,cluster4
118,cluster1,0.0218474889896869,0.0308957688455757,0.880799223870757,0.0234254580838367,0.0430320602101434,cluster1
119,cluster1,0.0411364702844092,0.203266928927955,0.67122828901953,0.0278652927697238,0.0565030189983826,cluster1
120,cluster1,0.0649254445557179,0.0243825076995833,0.864736728811879,0.0238457102215347,0.0221096087112849,cluster1
121,cluster3,0.0317915627310993,0.0255920969713602,0.0392874264271772,0.880122471895254,0.0232064419751092,cluster3
122,cluster5,0.451574414986486,0.0884606846406305,0.377980646387264,0.0425407288790158,0.0394435251066035,cluster4
123,cluster5,0.0231956798785237,0.904709088095456,0.0252896870145459,0.0242868831948749,0.0225186618165993,cluster5
124,cluster1,0.0401901927305132,0.0440630707669774,0.785529022897107,0.0430929923175325,0.0871247212878696,cluster1
125,cluster1,0.0341847944177827,0.0248922554957543,0.821713193871677,0.0218540246838376,0.0973557315309479,cluster1
126,cluster4,0.810001798531491,0.0227381979830597,0.0862163237764012,0.0222621961385321,0.058781483570516,cluster4
127,cluster4,0.866010004909845,0.0243104484244982,0.0533394032301146,0.0238015330610215,0.0325386103745207,cluster4
128,cluster5,0.0453857027121922,0.132109713569542,0.0709488185477438,0.0489739577084278,0.702581807462094,cluster2
129,cluster3,0.023981840492194,0.0261451911646294,0.0262595179426191,0.900138065840739,0.0234753845598189,cluster3
130,cluster5,0.695718072252925,0.096677749402103,0.122645379726698,0.0443166892166753,0.0406421094015986,cluster4
131,cluster4,0.761358518381309,0.0716922756256267,0.0266769133791546,0.0260047457526582,0.114267546861252,cluster4
132,cluster4,0.87793236462907,0.0246451303674426,0.0493604018497511,0.0241292087661677,0.0239328943875685,cluster4
133,cluster3,0.0288180969832912,0.0233356513180339,0.0362355483041001,0.80341000034324,0.108200703051335,cluster3
134,cluster1,0.0931399320399132,0.0226379763404552,0.832989013756228,0.022164072537592,0.0290690053258113,cluster1
135,cluster2,0.0967734632784171,0.022534917902753,0.0456508546435326,0.0220631715270737,0.812977592648224,cluster2
136,cluster1,0.026423113284397,0.0241150693822577,0.887340262189968,0.0236102440871565,0.0385113110562213,cluster1
137,cluster1,0.046317958150344,0.099809200448761,0.727878714804548,0.0243769824170161,0.101617144179331,cluster1
138,cluster1,0.0907064160766283,0.0246002858544083,0.813998395356092,0.0240853030289738,0.0466095996838979,cluster1
139,cluster1,0.0197168453729895,0.016487532592719,0.352843238049472,0.0161423822896171,0.594810001695203,cluster2
