"","SampleIDs","MajorityVote","BestCalls","cluster1","cluster5","cluster3","cluster4","cluster2","Label"
"1","UM144","cluster2","cluster2",0.215429653398741,0.0875281292535106,0.143364381391865,0.388023435233731,0.165654400722152,NA
"2","UM144","cluster2","cluster2",0.217305201168579,0.111086869092185,0.15066712151004,0.334473818819467,0.186466989409729,NA
"3","UM144","cluster2","cluster2",0.150035861860228,0.0736898940190221,0.280978736645893,0.363398592028913,0.131896915445944,NA
"4","UM144","cluster2","cluster2",0.221924917205604,0.0915171754459487,0.144780523755661,0.356627023942277,0.185150359650508,NA
"5","UM144","cluster2","cluster5",0.215649274133099,0.0840509139224169,0.211038417556639,0.343016918142525,0.14624447624532,NA
"6","UM144","cluster2","cluster2",0.18543366774815,0.0969267462667989,0.198481064681225,0.356017966173418,0.163140555130408,NA
"7","UM144","cluster2","cluster2",0.283855703297371,0.093612538146436,0.134913524006652,0.320685439502401,0.166932795047139,NA
"8","UM144","cluster2","cluster5",0.176933584684201,0.109233376479743,0.200678914067985,0.363371148093579,0.149782976674492,NA
"9","UM144","cluster2","cluster5",0.202014568427934,0.0761635405492376,0.244095937947461,0.31698913684877,0.160736816226598,NA
"10","UM144","cluster2","cluster5",0.202285134889736,0.100750473752753,0.187030238149615,0.31328230699632,0.196651846211576,NA
"11","UM144","cluster2","cluster5",0.220635879299227,0.0794134766531891,0.246667022438689,0.321050484939828,0.132233136669067,NA
"12","UM144","cluster2","cluster5",0.226985191755256,0.102390937622942,0.12678984966702,0.388958335815159,0.154875685139623,NA
"13","UM144","cluster2","cluster5",0.188120802146656,0.0878776370833243,0.146463816464558,0.385840641768567,0.191697102536894,NA
"14","UM144","cluster2","cluster2",0.179761448173038,0.0931292125710138,0.193990017310128,0.344358762423187,0.188760559522633,NA
"15","UM144","cluster2","cluster2",0.245608014905381,0.100993383517367,0.135031832346019,0.331841022462284,0.186525746768948,NA
"16","UM144","cluster2","cluster2",0.251624595129439,0.105807202549017,0.117285544285251,0.34836210965529,0.176920548381003,NA
"17","UM144","cluster2","cluster5",0.237533999917508,0.0941443765632203,0.131846445327766,0.349817845873573,0.186657332317933,NA
"18","UM144","cluster2","cluster2",0.234901323120299,0.0948373992397381,0.17565761477193,0.329568168531504,0.165035494336528,NA
"19","UM144","cluster2","cluster2",0.256541324516276,0.0866042565878167,0.139196393201339,0.407749459199754,0.109908566494814,NA
"20","UM144","cluster2","cluster2",0.212666575652479,0.107782885056899,0.16975518393198,0.333291728076977,0.176503627281666,NA
"21","UM144","cluster2","cluster5",0.227832118048056,0.0877165370971378,0.300471175727244,0.208551305289736,0.175428863837827,NA
"22","UM144","cluster2","cluster2",0.195527978016779,0.104799529621063,0.176193846345986,0.359011865092255,0.164466780923916,NA
"23","UM144","cluster2","cluster2",0.175619058785215,0.0713757773360193,0.259179949049358,0.366039922754781,0.127785292074627,NA
"24","UM144","cluster2","cluster2",0.208034311427257,0.0921226426724583,0.15222622680474,0.386621150185845,0.1609956689097,NA
"25","UM144","cluster2","cluster2",0.218575710634673,0.083849210744124,0.230326041562081,0.300286573273088,0.166962463786033,NA
"26","UM144","cluster2","cluster2",0.226761949822085,0.102048920446477,0.147175440532919,0.356182040659614,0.167831648538905,NA
"27","UM144","cluster2","cluster2",0.212344752972994,0.0935226180488373,0.18384766583591,0.333688909270842,0.176596053871417,NA
"28","UM144","cluster2","cluster5",0.203152027174402,0.0885107906299847,0.12972645930238,0.400521620385367,0.178089102507865,NA
"29","UM144","cluster2","cluster5",0.199579278398771,0.110340738077387,0.204121007745804,0.305471657531058,0.18048731824698,NA
"30","UM144","cluster2","cluster2",0.221653592890508,0.106553326770739,0.174484878418684,0.323982485374682,0.173325716545386,NA
"31","UM144","cluster2","cluster5",0.147377202471413,0.0893577543677107,0.278679704036352,0.328614052809774,0.15597128631475,NA
"32","UM144","cluster2","cluster2",0.213933515863711,0.0933273530371621,0.161636616895245,0.371179475794686,0.159923038409197,NA
"33","UM144","cluster2","cluster5",0.216032484217638,0.100950383838664,0.150690351782639,0.347955994024864,0.184370786136194,NA
"34","UM144","cluster2","cluster5",0.233801905553571,0.078819696166222,0.193181733607285,0.340111595600405,0.154085069072518,NA
"35","UM144","cluster2","cluster2",0.353275904593554,0.103834891343384,0.173859633013124,0.187493763805293,0.181535807244646,NA
"36","UM144","cluster2","cluster5",0.178926442635036,0.0978780321448565,0.149731144011173,0.407330872554062,0.166133508654872,NA
"37","UM144","cluster2","cluster2",0.269382276093157,0.0814726927151924,0.146757811204498,0.342332492195656,0.160054727791496,NA
"38","UM144","cluster2","cluster2",0.261807545640481,0.101165415673122,0.116342147049795,0.412775990275644,0.107908901360959,NA
"39","UM144","cluster2","cluster5",0.252517084044423,0.0881386235406702,0.147311195220082,0.409380724718803,0.102652372476022,NA
"40","UM144","cluster2","cluster5",0.23084107837169,0.0932027300028143,0.163713822456026,0.362188644490908,0.150053724678561,NA
"41","UM144","cluster2","cluster2",0.247732979535049,0.105397557020528,0.180038361080808,0.339747724785996,0.127083377577619,NA
"42","UM144","cluster2","cluster2",0.167524771930103,0.0782109469637879,0.125882271502182,0.473462260615683,0.154919748988245,NA
"43","UM144","cluster2","cluster5",0.225110799299298,0.102675129911533,0.158091931564695,0.347080543428478,0.167041595795997,NA
"44","UM144","cluster2","cluster2",0.211593629174903,0.0928571935880417,0.165357153306943,0.373954364095733,0.156237659834379,NA
"45","UM144","cluster2","cluster5",0.207286912690265,0.0879803646338838,0.185814844507497,0.387876011588496,0.131041866579858,NA
"46","UM144","cluster2","cluster2",0.210591111335767,0.0982830229031925,0.166117016615407,0.35785591169132,0.167152937454314,NA
"47","UM144","cluster2","cluster2",0.243721743178659,0.109576622970044,0.150491334867103,0.292208015392949,0.204002283591246,NA
"48","UM144","cluster2","cluster5",0.196701952155845,0.0931520075721092,0.226908578058467,0.341568231148807,0.141669231064772,NA
"49","UM144","cluster2","cluster2",0.218485362491351,0.0953368698902928,0.180865597803682,0.34934145471661,0.155970715098064,NA
"50","UM144","cluster2","cluster5",0.182399564806036,0.0825674326134356,0.256562145959427,0.337728013284179,0.140742843336922,NA
"51","UM144","cluster2","cluster2",0.195767872676009,0.0986125735891368,0.108832252734718,0.414194657174313,0.182592643825824,NA
"52","UM144","cluster2","cluster4",0.198742729433122,0.0922884031948695,0.148175296666182,0.369825990158559,0.190967580547268,NA
"53","UM144","cluster2","cluster5",0.203929326946676,0.121610177970477,0.147834189986251,0.297305977221407,0.229320327875189,NA
"54","UM144","cluster2","cluster2",0.253633070257632,0.111803742561588,0.145921524948543,0.339220043644951,0.149421618587285,NA
"55","UM144","cluster2","cluster2",0.165769209840747,0.10490970916403,0.170340500781727,0.351683699436855,0.207296880776641,NA
"56","UM144","cluster2","cluster5",0.232036122008104,0.0958809532752134,0.141269190995048,0.351414992840824,0.179398740880811,NA
"57","UM144","cluster2","cluster5",0.202459022212933,0.0893573020428397,0.237901464433212,0.298260543737228,0.172021667573788,NA
"58","UM144","cluster2","cluster5",0.213058451626948,0.104369261612776,0.142752121333521,0.372324991749736,0.167495173677019,NA
"59","UM144","cluster2","cluster2",0.231334413216074,0.104030556120476,0.213027693381561,0.281141224083415,0.170466113198474,NA
"60","UM144","cluster2","cluster2",0.198727227676568,0.0866740831423203,0.132700907812826,0.350250176979999,0.231647604388287,NA
"61","UM144","cluster2","cluster2",0.208492455063699,0.0861039766125761,0.144461820017862,0.390436808651907,0.170504939653955,NA
"62","UM144","cluster2","cluster5",0.223066693182511,0.110664298082009,0.14063996802789,0.331896872362038,0.193732168345552,NA
"63","UM144","cluster2","cluster2",0.201334879529741,0.100199587836087,0.178449991953487,0.328406138688542,0.191609401992145,NA
"64","UM144","cluster2","cluster5",0.250263182171739,0.119178575306732,0.250605016246765,0.195037294156047,0.184915932118718,NA
"65","UM144","cluster2","cluster4",0.179939103280214,0.0753181066982273,0.208778133631145,0.389972316731452,0.145992339658962,NA
"66","UM144","cluster2","cluster5",0.246541919199678,0.100965298516822,0.15709674863863,0.317152793858242,0.178243239786628,NA
"67","UM144","cluster2","cluster2",0.261732923708059,0.0914234641149482,0.133621182290758,0.312567377011732,0.200655052874503,NA
"68","UM144","cluster2","cluster5",0.258806705774386,0.0875145774403197,0.161529291071544,0.318543932063047,0.173605493650703,NA
"69","UM144","cluster2","cluster4",0.259735416621139,0.115492800794893,0.137434400342801,0.232343248827209,0.254994133413957,NA
"70","UM144","cluster2","cluster5",0.205141142360867,0.101476787376934,0.225912633991662,0.331491997012298,0.13597743925824,NA
"71","UM144","cluster2","cluster2",0.212807480680821,0.0957059570165973,0.190461851944219,0.342055609311112,0.158969101047251,NA
"72","UM144","cluster2","cluster5",0.220870276562992,0.094992324335623,0.142765405919966,0.362427950026881,0.178944043154538,NA
"73","UM144","cluster2","cluster2",0.180769775890235,0.102557106802229,0.174601116302308,0.290695415026473,0.251376585978754,NA
"74","UM144","cluster2","cluster2",0.195456659205577,0.070666393478555,0.333232712360268,0.280765921063166,0.119878313892434,NA
"75","UM144","cluster2","cluster2",0.248330174687046,0.0972964049973727,0.125039962552875,0.421063262945297,0.108270194817408,NA
"76","UM144","cluster2","cluster2",0.213625616524227,0.093169616302155,0.132713955207939,0.397324080574772,0.163166731390906,NA
"77","UM144","cluster2","cluster5",0.170449847266955,0.0799227128166118,0.279978721524878,0.297125889734256,0.172522828657298,NA
"78","UM144","cluster2","cluster2",0.194727752185374,0.0778875864716067,0.296144620857579,0.307120185504605,0.124119854980836,NA
"79","UM144","cluster2","cluster2",0.212121344249668,0.0793293872167665,0.185569117318972,0.346578561772145,0.176401589442448,NA
"80","UM144","cluster2","cluster2",0.175761899746852,0.107267068298637,0.148730303385107,0.391820206506689,0.176420522062715,NA
"81","UM144","cluster2","cluster5",0.23772114834789,0.111472730612176,0.20435264078977,0.222555588018592,0.223897892231572,NA
"82","UM144","cluster2","cluster5",0.227312105621018,0.102878067933384,0.135077905402238,0.337166780866829,0.19756514017653,NA
"83","UM144","cluster2","cluster2",0.263994747122173,0.109029515496823,0.175230101108386,0.34419454953449,0.107551086738128,NA
"84","UM144","cluster2","cluster2",0.24785089215051,0.109276676724451,0.153046294211331,0.336557062170669,0.153269074743039,NA
"85","UM144","cluster2","cluster2",0.375079115303368,0.115441628390255,0.138729345175727,0.191809410439784,0.178940500690866,NA
"86","UM144","cluster2","cluster5",0.257665504630767,0.091803356317801,0.131369412423486,0.314291401341675,0.20487032528627,NA
"87","UM144","cluster2","cluster5",0.241983850731022,0.0929133510806735,0.168605049866893,0.340237315466971,0.156260432854441,NA
"88","UM144","cluster2","cluster2",0.250861042639088,0.109845120636189,0.193407538925798,0.267580203514185,0.17830609428474,NA
"89","UM144","cluster2","cluster5",0.179515529609601,0.0900524588832192,0.243653327971891,0.297025161365913,0.189753522169375,NA
"90","UM144","cluster2","cluster2",0.204357120524255,0.0936851607327828,0.158769733285508,0.381425871814135,0.16176211364332,NA
"91","UM144","cluster2","cluster2",0.243711105917326,0.0919710661907823,0.161672065505216,0.322756025699607,0.179889736687069,NA
"92","UM144","cluster2","cluster5",0.24838933984119,0.100759783709179,0.160714945700738,0.30148087810953,0.188655052639363,NA
"93","UM144","cluster2","cluster5",0.189188151949869,0.0892932441367038,0.170121901237984,0.384326408408453,0.16707029426699,NA
"94","UM144","cluster2","cluster2",0.193569122438134,0.0946061927620839,0.174444361406104,0.382590221700587,0.154790101693091,NA
"95","UM144","cluster2","cluster2",0.193318470184319,0.105562597152068,0.164716961284759,0.338958454480922,0.197443516897932,NA
"96","UM144","cluster2","cluster2",0.256826635881793,0.102593193133057,0.193653990530023,0.243849067517863,0.203077112937264,NA
"97","UM144","cluster2","cluster5",0.189387329490636,0.108767783355424,0.149330377363821,0.40775496569471,0.144759544095408,NA
"98","UM144","cluster2","cluster5",0.248828599774987,0.0884237033898151,0.141547857091483,0.324336962987601,0.196862876756114,NA
"99","UM144","cluster2","cluster5",0.18086966435899,0.104629141631076,0.15290251725248,0.382467383061789,0.179131293695664,NA
"100","UM144","cluster2","cluster5",0.185553027689774,0.0831902469864427,0.232230612317681,0.323068322579997,0.175957790426105,NA
"101","UM144","cluster2","cluster5",0.179758273386949,0.092636284668476,0.196647249566494,0.372810735769165,0.158147456608916,NA
"102","UM144","cluster2","cluster2",0.219012644206174,0.10252468097967,0.324749630692211,0.161578931552196,0.192134112569749,NA
"103","UM144","cluster2","cluster5",0.17379815012921,0.0856470947737087,0.189651413645578,0.381625631603039,0.169277709848465,NA
"104","UM144","cluster2","cluster5",0.175845373479629,0.100133967927758,0.141396758997507,0.401124357702791,0.181499541892315,NA
"105","UM144","cluster2","cluster5",0.19727070114215,0.0881645262017493,0.203355184652676,0.368889183332192,0.142320404671233,NA
"106","UM144","cluster2","cluster5",0.176219057694304,0.0751273435545594,0.342479282118509,0.274783973804875,0.131390342827752,NA
"107","UM144","cluster2","cluster2",0.227505604234076,0.0781503814421949,0.215296900004205,0.328574619636656,0.150472494682868,NA
"108","UM144","cluster2","cluster2",0.207194280073518,0.0980782686815401,0.126957106135886,0.375828272671647,0.191942072437409,NA
"109","UM144","cluster2","cluster5",0.236441879493575,0.0951230990508845,0.235735544662561,0.251129195156793,0.181570281636187,NA
"110","UM144","cluster2","cluster5",0.183286691229883,0.0977658965926228,0.173858793676128,0.391870456340814,0.153218162160553,NA
"111","UM144","cluster2","cluster5",0.21090605418152,0.0999765390972815,0.129495196669967,0.366917904519084,0.192704305532147,NA
"112","UM144","cluster2","cluster2",0.225711547850062,0.0977194562035924,0.236254831831651,0.294781534741771,0.145532629372924,NA
"113","UM144","cluster2","cluster5",0.217079009549681,0.103991823779616,0.171916159771074,0.332534618632163,0.174478388267466,NA
"114","UM144","cluster2","cluster2",0.213180743815089,0.0930619784772181,0.142010886427516,0.377982740732173,0.173763650548003,NA
"115","UM144","cluster2","cluster5",0.198445870517932,0.0971521525848101,0.181840464699412,0.323527637061937,0.199033875135909,NA
"116","UM144","cluster2","cluster2",0.260113661873439,0.0848591893443369,0.16926396172929,0.330940722950092,0.154822464102843,NA
"117","UM144","cluster2","cluster5",0.2520383566131,0.112028819699165,0.16495940580925,0.306368371159667,0.164605046718818,NA
"118","UM144","cluster2","cluster5",0.202251509108966,0.0832984602130979,0.266498964362915,0.272366188800194,0.175584877514827,NA
"119","UM144","cluster2","cluster5",0.227025425505535,0.0882876820041694,0.143627539191789,0.363206704750322,0.177852648548185,NA
"120","UM144","cluster2","cluster2",0.184512093710634,0.102528705937682,0.167363627410843,0.311774319104615,0.233821253836226,NA
"121","UM144","cluster2","cluster2",0.20104414072301,0.0893148717154702,0.233367313353266,0.315651439144064,0.160622235064189,NA
"122","UM144","cluster2","cluster2",0.187117703232016,0.0897632569777189,0.134676844460731,0.41119683610975,0.177245359219784,NA
"123","UM144","cluster2","cluster2",0.201908025414373,0.0894426096377289,0.14680327844951,0.375871055872859,0.185975030625529,NA
"124","UM144","cluster2","cluster2",0.254177993202728,0.0986048925204045,0.114554847251339,0.351530819332894,0.181131447692636,NA
"125","UM144","cluster2","cluster2",0.234141637879095,0.0897072418333351,0.255530431553286,0.240601452728605,0.180019236005679,NA
"126","UM144","cluster2","cluster2",0.239796648910918,0.0978122790918918,0.130766261722785,0.3567555577624,0.174869252512005,NA
"127","UM144","cluster2","cluster2",0.261654996595657,0.0969966241951749,0.153093868110459,0.310356940926754,0.177897570171956,NA
"128","UM144","cluster2","cluster5",0.226305543029065,0.0990806265617647,0.144329944097222,0.353361757455896,0.176922128856052,NA
"129","UM144","cluster2","cluster2",0.189741575053722,0.0869829398689113,0.189703477033829,0.349425940070698,0.184146067972839,NA
"130","UM144","cluster2","cluster2",0.267315337257839,0.0873717104045695,0.145029476884171,0.328916397492792,0.17136707796063,NA
"131","UM144","cluster2","cluster5",0.178979948100317,0.0963779660168352,0.203857817141378,0.392151089595596,0.128633179145873,NA
"132","UM144","cluster2","cluster5",0.250832002554811,0.0920485761192757,0.154219871988349,0.315491914422549,0.187407634915015,NA
"133","UM144","cluster2","cluster2",0.204457104936021,0.0981989130371721,0.184441463230082,0.319813415842352,0.193089102954374,NA
"134","UM144","cluster2","cluster2",0.267037906511104,0.0991649093776572,0.164439796405815,0.300336836339472,0.169020551365951,NA
"135","UM144","cluster2","cluster2",0.193668500551737,0.0808722416475628,0.200228904636139,0.359947250702269,0.165283102462292,NA
"136","UM144","cluster2","cluster5",0.220747121229297,0.0902438529696567,0.199051206957486,0.33445397744696,0.155503841396599,NA
"137","UM144","cluster2","cluster2",0.217793455982102,0.0909399292264641,0.131118858870296,0.400575252541742,0.159572503379396,NA
"138","UM144","cluster2","cluster2",0.250361927385737,0.0878805713959284,0.266648249420595,0.240907106409386,0.154202145388353,NA
"139","UM144","cluster2","cluster2",0.231697914107293,0.0876639093103419,0.148359379255637,0.363155427387008,0.16912336993972,NA
"140","UM144","cluster2","cluster2",0.226014182469038,0.106552350330772,0.162572979376645,0.32036258124179,0.184497906581755,NA
"141","UM144","cluster2","cluster5",0.201297739421516,0.10265681356494,0.192021259393973,0.356737122546729,0.147287065072841,NA
"142","UM144","cluster2","cluster2",0.250420022456764,0.100005788315111,0.157276802213273,0.311612991149303,0.180684395865549,NA
"143","UM144","cluster2","cluster5",0.173903964004175,0.0908193973036265,0.300049972603359,0.320374770039848,0.114851896048991,NA
"144","UM144","cluster2","cluster2",0.249755036603903,0.0958393106073953,0.186584155810435,0.276165188379026,0.191656308599241,NA
"145","UM144","cluster2","cluster2",0.207097328570043,0.103257016542408,0.169491875666027,0.329849271654546,0.190304507566976,NA
"146","UM144","cluster2","cluster2",0.235834561069752,0.0846187990246058,0.306779278285314,0.236214823405458,0.13655253821487,NA
"147","UM144","cluster2","cluster2",0.254230599175651,0.0986283763285254,0.151962322673373,0.321963450707295,0.173215251115156,NA
"148","UM144","cluster2","cluster5",0.212549701392599,0.105959331823158,0.143449843064857,0.381354515051351,0.156686608668035,NA
"149","UM144","cluster2","cluster2",0.220531518946756,0.0985481240341248,0.191278474163175,0.324602678271473,0.165039204584472,NA
"150","UM144","cluster2","cluster2",0.214118144037261,0.0861841693507749,0.156172547191768,0.361183709291802,0.182341430128394,NA
"151","UM144","cluster2","cluster2",0.22263084465781,0.0991303615085903,0.172437281188467,0.361367099371758,0.144434413273374,NA
"152","UM144","cluster2","cluster5",0.191402476156828,0.091743356920554,0.172634509042588,0.404605362279883,0.139614295600147,NA
"153","UM144","cluster2","cluster5",0.212346558509893,0.102439017180798,0.146408421989322,0.413945535236392,0.124860467083595,NA
"154","UM144","cluster2","cluster2",0.178706422338492,0.0848719217036877,0.200251316017209,0.334672601660021,0.20149773828059,NA
"155","UM144","cluster2","cluster5",0.26279978304963,0.0946936148374065,0.20481231422553,0.266663946903036,0.171030340984398,NA
"156","UM144","cluster2","cluster5",0.292029011715053,0.099747098338132,0.137029511048558,0.316107422359508,0.155086956538748,NA
"157","UM144","cluster2","cluster2",0.21315063816999,0.0903208226907836,0.187517782486104,0.349978202484846,0.159032554168277,NA
"158","UM144","cluster2","cluster2",0.255473133221731,0.0951241152566162,0.196867620697881,0.314073403108073,0.138461727715699,NA
"159","UM144","cluster2","cluster2",0.253238879628761,0.0825407108332639,0.193186431781528,0.314639774907256,0.156394202849191,NA
"160","UM144","cluster2","cluster5",0.240788181309137,0.108315558601939,0.182769110866541,0.27156727740925,0.196559871813133,NA
"161","UM144","cluster2","cluster2",0.191615687749621,0.0788866484286708,0.317835110405295,0.259064032111714,0.152598521304699,NA
"162","UM144","cluster2","cluster5",0.195126011839058,0.0979208352855447,0.134193615588202,0.403207392865797,0.169552144421398,NA
"163","UM144","cluster2","cluster5",0.257892054412549,0.0848109745726744,0.129397518413732,0.372539436029336,0.155360016571709,NA
"164","UM144","cluster2","cluster2",0.245261034663386,0.0771827987974913,0.15643022491336,0.344101861004837,0.177024080620926,NA
"165","UM144","cluster2","cluster2",0.212685047947973,0.0871610212714728,0.260607491590741,0.290629959743032,0.14891647944678,NA
"166","UM144","cluster2","cluster2",0.227167208393,0.0978834523248738,0.151487790014694,0.352768537458697,0.170693011808736,NA
"167","UM144","cluster2","cluster2",0.227316158678224,0.101695160151493,0.144696099067607,0.330022110220919,0.196270471881757,NA
"168","UM144","cluster2","cluster5",0.237861009296597,0.0978534163092549,0.249171451094452,0.264565953628936,0.15054816967076,NA
"169","UM144","cluster2","cluster5",0.238250855834495,0.0937937551175221,0.141876134420963,0.332119403305115,0.193959851321906,NA
"170","UM144","cluster2","cluster5",0.238763073348717,0.0972595747083446,0.149170585190678,0.305814641492366,0.208992125259895,NA
"171","UM144","cluster2","cluster5",0.202379383583178,0.105971967381532,0.154308235494704,0.411855718309468,0.125484695231117,NA
"172","UM144","cluster2","cluster5",0.267240524888035,0.0964380566954613,0.149219249541378,0.304827045273516,0.18227512360161,NA
"173","UM144","cluster2","cluster2",0.201347542637247,0.107266727650816,0.105461187323008,0.4117309164007,0.174193625988229,NA
"174","UM144","cluster2","cluster2",0.215673156303927,0.0926990069188024,0.154764548880885,0.365352215487747,0.171511072408639,NA
"175","UM144","cluster2","cluster4",0.22217287728797,0.110427955318348,0.158310491875719,0.318064064345137,0.191024611172826,NA
"176","UM144","cluster2","cluster2",0.304897145178101,0.105287251639698,0.195030347277146,0.186406832499806,0.208378423405248,NA
"177","UM144","cluster2","cluster2",0.228689336286064,0.0875660132961925,0.191928154304711,0.32870518989784,0.163111306215192,NA
"178","UM144","cluster2","cluster2",0.179118295880089,0.0839763080568536,0.172406741865821,0.413560531492796,0.15093812270444,NA
"179","UM144","cluster2","cluster2",0.20843201172048,0.0806005884797487,0.324094224111275,0.297578596270606,0.0892945794178905,NA
"180","UM144","cluster2","cluster5",0.248186303513976,0.0996581938497042,0.157655649296565,0.298599188244208,0.195900665095546,NA
"181","UM144","cluster2","cluster5",0.376985110258603,0.0951154671715255,0.188811687217669,0.186517416579809,0.152570318772393,NA
"182","UM144","cluster2","cluster5",0.202502023549822,0.105185046177752,0.163383499391546,0.389643427420715,0.139286003460164,NA
"183","UM144","cluster2","cluster5",0.292612614060459,0.0842432960491813,0.116122392258081,0.350630660481816,0.156391037150463,NA
"184","UM144","cluster2","cluster5",0.208628395375994,0.0927005508885915,0.164473782859323,0.333610247404741,0.200587023471351,NA
"185","UM144","cluster2","cluster2",0.226795924461185,0.0845709324608027,0.192848920864466,0.328906163936769,0.166878058276777,NA
"186","UM144","cluster2","cluster5",0.251901490538081,0.101015220703511,0.145086129275143,0.300945891784063,0.201051267699202,NA
"187","UM144","cluster2","cluster2",0.287966738302519,0.087208374807093,0.162972154810233,0.296268315766396,0.165584416313759,NA
"188","UM144","cluster2","cluster2",0.212910067073176,0.0940550181389368,0.205951917958778,0.303933618286983,0.183149378542126,NA
"189","UM144","cluster2","cluster5",0.233006620133526,0.0944928595780526,0.141699705165139,0.380510041145002,0.150290773978279,NA
"190","UM144","cluster2","cluster2",0.22962976470857,0.0985610600312763,0.167660216709455,0.336081932060394,0.168067026490304,NA
"191","UM144","cluster2","cluster2",0.197915715758923,0.0972118812872575,0.213387406318536,0.351908078219911,0.139576918415373,NA
"192","UM144","cluster2","cluster5",0.237954872977265,0.0979261973581961,0.203238742569774,0.301798390237143,0.159081796857622,NA
"193","UM144","cluster2","cluster2",0.24827657121033,0.100568094029673,0.157259672183419,0.338386449620863,0.155509212955716,NA
"194","UM144","cluster2","cluster5",0.187713920339326,0.0828458232937948,0.294347745768989,0.254944459765107,0.180148050832783,NA
"195","UM144","cluster2","cluster2",0.333725701658,0.0898099369491022,0.21708086851806,0.196567144971192,0.162816347903647,NA
"196","UM144","cluster2","cluster5",0.205336257840319,0.101710179696484,0.169011021230764,0.322546980825767,0.201395560406666,NA
"197","UM144","cluster2","cluster2",0.165905688487072,0.0883261505204486,0.113335129408013,0.449807801584979,0.182625229999487,NA
"198","UM144","cluster2","cluster5",0.258160222810759,0.0887715029507935,0.24237395428331,0.313022528023923,0.0976717919312142,NA
"199","UM144","cluster2","cluster5",0.281009570882926,0.117621602790654,0.176574525744832,0.248008257112382,0.176786043469206,NA
"200","UM144","cluster2","cluster2",0.224750593944646,0.1081952196298,0.160174456541524,0.357834477230605,0.149045252653425,NA
"201","UM077","cluster5","cluster5",0.0233762476421144,0.523048215463802,0.431665505739555,0.0102391935936837,0.0116708375608456,NA
"202","UM077","cluster5","cluster5",0.0224349184192728,0.540538796065534,0.41508159095079,0.0101981966746217,0.0117464978897823,NA
"203","UM077","cluster5","cluster5",0.0251625989924176,0.537358458019802,0.414762235324228,0.0105670638849786,0.012149643778574,NA
"204","UM077","cluster5","cluster5",0.0252652314222565,0.534278525996966,0.41831261398269,0.0100176447893271,0.0121259838087594,NA
"205","UM077","cluster5","cluster5",0.0238038855554583,0.531218066488207,0.423084628704438,0.0103262202899754,0.0115671989619211,NA
"206","UM077","cluster5","cluster5",0.0251548204547458,0.573860315423316,0.377832588091377,0.0110760456803241,0.0120762303502368,NA
"207","UM077","cluster5","cluster5",0.0256194795630564,0.540647218297047,0.41195268471138,0.010392636774391,0.011387980654126,NA
"208","UM077","cluster5","cluster5",0.0265384624116952,0.592214110800538,0.357950442868833,0.0111182817027837,0.0121787022161504,NA
"209","UM077","cluster5","cluster5",0.0258527983432521,0.533141038526854,0.418978144119279,0.0101996750492742,0.0118283439613414,NA
"210","UM077","cluster5","cluster5",0.02559476884226,0.538191524710336,0.414962389424498,0.0102229161455607,0.0110284008773451,NA
"211","UM077","cluster5","cluster5",0.0235506417019737,0.520119436301213,0.435161570669692,0.0101632824499211,0.0110050688772005,NA
"212","UM077","cluster5","cluster5",0.0229110292287363,0.560307393827031,0.394161810891516,0.0108383569337812,0.0117814091189359,NA
"213","UM077","cluster5","cluster5",0.023716354443865,0.544860204602804,0.409015698268954,0.0107370013307813,0.0116707413535952,NA
"214","UM077","cluster5","cluster5",0.0215636688051982,0.538053578346579,0.418256120019378,0.0103072118237859,0.0118194210050587,NA
"215","UM077","cluster5","cluster5",0.0227115301211644,0.534245933128282,0.420933455630473,0.0101238094295793,0.0119852716905022,NA
"216","UM077","cluster5","cluster5",0.0218163316950284,0.531899643663174,0.424472261847307,0.0105004372051183,0.0113113255893726,NA
"217","UM077","cluster5","cluster5",0.0228218504564756,0.551640526237068,0.403039309615842,0.0104695539029441,0.0120287597876701,NA
"218","UM077","cluster5","cluster5",0.0226375025964698,0.509827461325345,0.446661267143705,0.00976388918151076,0.0111098797529702,NA
"219","UM077","cluster5","cluster5",0.0284003052094303,0.547255474083352,0.402198128867462,0.0110616113592746,0.0110844804804808,NA
"220","UM077","cluster5","cluster5",0.0256440731059127,0.528513321640553,0.424567453030013,0.0101743928433256,0.0111007593801959,NA
"221","UM077","cluster5","cluster5",0.0268769753065756,0.53461697163409,0.416703546048226,0.0101310413359554,0.0116714656751528,NA
"222","UM077","cluster5","cluster5",0.0208120362850618,0.538467685816852,0.419833612159761,0.0104839179926819,0.0104027477456437,NA
"223","UM077","cluster5","cluster5",0.0227873264162142,0.510303074681168,0.445522251565882,0.0101267245727926,0.0112606227639431,NA
"224","UM077","cluster5","cluster5",0.0236572156120319,0.542291993490024,0.412321798518868,0.0104458896793633,0.0112831026997122,NA
"225","UM077","cluster5","cluster5",0.0221089052648399,0.521649176854964,0.43437410747216,0.0103253517946136,0.0115424586134234,NA
"226","UM077","cluster5","cluster5",0.0240051087489158,0.550771678460431,0.403251456702601,0.0102058960404978,0.0117658600475539,NA
"227","UM077","cluster5","cluster5",0.0213911875807939,0.529352084191313,0.427027195649142,0.010595820170421,0.0116337124083303,NA
"228","UM077","cluster5","cluster5",0.0213886329174917,0.552960125422446,0.402680854954782,0.0108388833627679,0.0121315033425121,NA
"229","UM077","cluster5","cluster5",0.0218981967942559,0.534142586372665,0.422379781351827,0.0103499780292403,0.0112294574520111,NA
"230","UM077","cluster5","cluster5",0.0288095152698636,0.524976447564471,0.425243549489447,0.0102431942713478,0.0107272934048713,NA
"231","UM077","cluster5","cluster5",0.0250769319890913,0.564791701611833,0.386883762961111,0.0108435458966044,0.0124040575413603,NA
"232","UM077","cluster5","cluster5",0.0241844479234239,0.548190323067685,0.405583906010453,0.0106247792730131,0.011416543725425,NA
"233","UM077","cluster5","cluster5",0.0221359460111804,0.545188142759603,0.409974683792399,0.0104715345031846,0.0122296929336336,NA
"234","UM077","cluster5","cluster5",0.025775039026576,0.579471757778232,0.370976012972493,0.010810769841109,0.0129664203815895,NA
"235","UM077","cluster5","cluster5",0.0241889167995018,0.552796903208495,0.400720049885567,0.0100455901182058,0.0122485399882305,NA
"236","UM077","cluster5","cluster5",0.0216509106574913,0.546896426889383,0.409577258552692,0.0104420070523434,0.0114333968480898,NA
"237","UM077","cluster5","cluster5",0.0251884560651902,0.545322287097119,0.407365556533964,0.010498610233063,0.0116250900706643,NA
"238","UM077","cluster5","cluster5",0.0246353849924237,0.539055609319705,0.415643906603598,0.0104917049038391,0.010173394180434,NA
"239","UM077","cluster5","cluster5",0.0244980344451944,0.535455853436282,0.419366154496832,0.0102065927987746,0.0104733648229167,NA
"240","UM077","cluster5","cluster5",0.0259603277952204,0.53553943823534,0.416882919644398,0.010445775946409,0.0111715383786318,NA
"241","UM077","cluster5","cluster5",0.0210957751278215,0.534186747083023,0.423445619667445,0.010313263557211,0.0109585945645001,NA
"242","UM077","cluster5","cluster5",0.023874903577409,0.529197572076476,0.425092011350318,0.0104717376039096,0.0113637753918873,NA
"243","UM077","cluster5","cluster5",0.0218872936368151,0.53167616699211,0.424848423390682,0.00982531626789181,0.0117627997125016,NA
"244","UM077","cluster5","cluster5",0.0277078341686744,0.551772384328885,0.397596843713286,0.010633448338037,0.0122894894511184,NA
"245","UM077","cluster5","cluster5",0.0248574657451662,0.521940230650718,0.431883082488781,0.0100039300635454,0.0113152910517898,NA
"246","UM077","cluster5","cluster5",0.0239227939952644,0.529105807024906,0.425106341181194,0.0100056169901963,0.0118594408084392,NA
"247","UM077","cluster5","cluster5",0.0263531339359825,0.526357097131301,0.425995415252234,0.00969778773129554,0.0115965659491875,NA
"248","UM077","cluster5","cluster5",0.0206503670852416,0.523157732272503,0.435409041020763,0.00992634269485121,0.0108565169266414,NA
"249","UM077","cluster5","cluster5",0.0234672841902031,0.530803925171799,0.424201193740184,0.0103078733760512,0.0112197235217625,NA
"250","UM077","cluster5","cluster5",0.0236926222375463,0.520227009477211,0.43492435173183,0.00988945247147905,0.0112665640819339,NA
"251","UM077","cluster5","cluster5",0.0251272498435481,0.653018893271689,0.294461155089467,0.0126971959165294,0.0146955058787664,NA
"252","UM077","cluster5","cluster5",0.0235110280769789,0.583532119722833,0.369679867017842,0.0105656363568611,0.0127113488254854,NA
"253","UM077","cluster5","cluster5",0.0202840466396252,0.546631798038671,0.410927690814709,0.0101321469407737,0.0120243175662213,NA
"254","UM077","cluster5","cluster5",0.0231779448919455,0.562897414107681,0.391997332818859,0.0104136415538856,0.0115136666276288,NA
"255","UM077","cluster5","cluster5",0.0226591645868826,0.533482544404472,0.422281403453917,0.0104926670544055,0.0110842205003225,NA
"256","UM077","cluster5","cluster5",0.0240336304482461,0.549691582961652,0.404465686963994,0.0102310130311893,0.0115780865949183,NA
"257","UM077","cluster5","cluster5",0.0263849849570896,0.524716686235392,0.427793948745159,0.00967250843807659,0.0114318716242819,NA
"258","UM077","cluster5","cluster5",0.0243611023610608,0.552408452619649,0.399728076359031,0.0112481524327027,0.0122542162275561,NA
"259","UM077","cluster5","cluster5",0.0273243494323658,0.577179884163521,0.372066472460936,0.0111415910597536,0.0122877028834237,NA
"260","UM077","cluster5","cluster5",0.0241538348405476,0.552387418091039,0.401115642661341,0.01041264227681,0.0119304621302631,NA
"261","UM077","cluster5","cluster5",0.0258103551965696,0.531784009923246,0.420808738263165,0.0101044246635188,0.0114924719535006,NA
"262","UM077","cluster5","cluster5",0.0220939230431474,0.56307010394555,0.39137546241067,0.0108915851574085,0.0125689254432237,NA
"263","UM077","cluster5","cluster5",0.0215637279466118,0.552789880536662,0.402670452099628,0.0105957513753634,0.0123801880417348,NA
"264","UM077","cluster5","cluster5",0.0243277742883249,0.530975443457234,0.423530240358247,0.00941811756989319,0.0117484243263008,NA
"265","UM077","cluster5","cluster5",0.0231836532870661,0.523925664910425,0.432710324249472,0.00959774398532733,0.0105826135677103,NA
"266","UM077","cluster5","cluster5",0.0255011083237076,0.543787340541436,0.408159987982483,0.0109141404113488,0.011637422741025,NA
"267","UM077","cluster5","cluster5",0.0223410287303628,0.532336145919047,0.422814828381767,0.0104730137027696,0.0120349832660535,NA
"268","UM077","cluster5","cluster5",0.0324187681370283,0.551789639848436,0.392780067865256,0.010682796695282,0.0123287274539968,NA
"269","UM077","cluster5","cluster5",0.0268191787025757,0.667039754863781,0.278990035770828,0.0126494307015383,0.014501599961277,NA
"270","UM077","cluster5","cluster5",0.0270616053945599,0.521783565469621,0.429791176505952,0.010216549031622,0.0111471035982453,NA
"271","UM077","cluster5","cluster5",0.0244676727967441,0.574903868857619,0.377190304867993,0.0110160290267,0.0124221244509444,NA
"272","UM077","cluster5","cluster5",0.0231594667176089,0.55284766339452,0.401654831699505,0.0106404848931765,0.0116975532951894,NA
"273","UM077","cluster5","cluster5",0.0223614154320337,0.534399597775215,0.421024073446782,0.0101352184624646,0.0120796948835046,NA
"274","UM077","cluster5","cluster5",0.0265853910499064,0.537808652463853,0.413871236948146,0.0102903538532136,0.0114443656848816,NA
"275","UM077","cluster5","cluster5",0.0244660329195007,0.539105039308161,0.41487755027394,0.0101283003302296,0.011423077168169,NA
"276","UM077","cluster5","cluster5",0.0229422641957172,0.554219827955993,0.399971918291364,0.0105354460862118,0.0123305434707144,NA
"277","UM077","cluster5","cluster5",0.0211282389561585,0.527293086176052,0.429617915632485,0.0103125535631692,0.0116482056721351,NA
"278","UM077","cluster5","cluster5",0.0207117572737323,0.526216568021428,0.431409754236783,0.0100179000004111,0.0116440204676459,NA
"279","UM077","cluster5","cluster5",0.0250361167025671,0.556513718553145,0.396304140818451,0.0106054099212757,0.011540614004561,NA
"280","UM077","cluster5","cluster5",0.0256683714033298,0.613502101334161,0.33611338167037,0.0119354244007236,0.0127807211914151,NA
"281","UM077","cluster5","cluster5",0.0230797353973144,0.567575828702731,0.386269702323239,0.0101446441098731,0.0129300894668419,NA
"282","UM077","cluster5","cluster5",0.0260426213386921,0.55872841834375,0.392655729680015,0.0107472840429803,0.0118259465945621,NA
"283","UM077","cluster5","cluster5",0.0231839725426568,0.554081730897767,0.401163131373111,0.0104581073780431,0.0111130578084219,NA
"284","UM077","cluster5","cluster5",0.0220764732620699,0.545853881239243,0.410142256705895,0.0108473658010422,0.0110800229917492,NA
"285","UM077","cluster5","cluster5",0.0245126516302753,0.599184512189774,0.351986350130276,0.0110622896844838,0.0132541963651908,NA
"286","UM077","cluster5","cluster5",0.0268238481206524,0.553654693879045,0.396976240237315,0.0104850794506958,0.0120601383122916,NA
"287","UM077","cluster5","cluster5",0.0237576487021004,0.520647717975457,0.434589848681233,0.0098146116630713,0.0111901729781384,NA
"288","UM077","cluster5","cluster5",0.0239481440096068,0.532905718911389,0.421844354780741,0.00989550388540589,0.0114062784128579,NA
"289","UM077","cluster5","cluster5",0.0271408733600454,0.53497220043934,0.415377552282896,0.0105199453856708,0.0119894285320486,NA
"290","UM077","cluster5","cluster5",0.022178307432437,0.53571188441823,0.420799033071309,0.0101429317745625,0.011167843303462,NA
"291","UM077","cluster5","cluster5",0.0246835398996771,0.558941029662665,0.39375972600642,0.0111483723372761,0.0114673320939611,NA
"292","UM077","cluster5","cluster5",0.0227541418823396,0.536505784488782,0.41927349930008,0.00994460131286091,0.0115219730159376,NA
"293","UM077","cluster5","cluster5",0.0237693158476453,0.53488342828673,0.419895758496928,0.00999175665461346,0.0114597407140832,NA
"294","UM077","cluster5","cluster5",0.0239589417647412,0.545823946473509,0.407567457854224,0.0104728469650837,0.0121768069424423,NA
"295","UM077","cluster5","cluster5",0.0310565984849912,0.557877046948936,0.388631605697551,0.0109253052126543,0.0115094436558671,NA
"296","UM077","cluster5","cluster5",0.0237088897712457,0.527583558584598,0.427746246697396,0.00954700371193652,0.0114143012348242,NA
"297","UM077","cluster5","cluster5",0.0175910728903103,0.548115001096819,0.412065099059064,0.0107883552642214,0.011440471689585,NA
"298","UM077","cluster5","cluster5",0.0284346462986674,0.535418221242285,0.414936045073973,0.00996720953238075,0.0112438778526943,NA
"299","UM077","cluster5","cluster5",0.0233711160233488,0.544182433877521,0.410446386212359,0.0101346526199749,0.0118654112667966,NA
"300","UM077","cluster5","cluster5",0.0240718442275449,0.535294988292268,0.418682187867952,0.0104522150567865,0.0114987645554482,NA
"301","UM077","cluster5","cluster5",0.0234251250272819,0.552459693622429,0.401923770192835,0.0102257434412105,0.0119656677162433,NA
"302","UM077","cluster5","cluster5",0.0223171709936501,0.546377888873742,0.409876684385587,0.0098564912455155,0.0115717645015051,NA
"303","UM077","cluster5","cluster5",0.0188409455915598,0.528445736057473,0.432380293215261,0.00966195528571069,0.0106710698499961,NA
"304","UM077","cluster5","cluster5",0.0212183875274225,0.550730667193392,0.405784214831903,0.0103222834982339,0.011944446949049,NA
"305","UM077","cluster5","cluster5",0.0238709867975131,0.54731218612213,0.407109664748767,0.0102403108052691,0.0114668515263207,NA
"306","UM077","cluster5","cluster5",0.0215983031270234,0.518859396476375,0.438112035856397,0.00990695082913046,0.0115233137110745,NA
"307","UM077","cluster5","cluster5",0.0223141298535888,0.518375685168922,0.437384327034198,0.010227503666918,0.0116983542763734,NA
