"","SampleIDs","MajorityVote","BestCalls","cluster2","cluster4","cluster5","cluster1","cluster3","Label"
"1","UM119","cluster2","cluster2",0.648672551682322,0.00923350621034767,0.050191580011286,0.278282529284134,0.01361983281191,NA
"2","UM119","cluster2","cluster2",0.668346759641962,0.009863844596342,0.0511976074559549,0.254826131043965,0.0157656572617757,NA
"3","UM119","cluster2","cluster2",0.714243987834079,0.00969582478665453,0.0471663816022916,0.213017550559047,0.0158762552179271,NA
"4","UM119","cluster2","cluster2",0.692486274161105,0.010016518829368,0.0389008872067603,0.241311570869636,0.0172847489331311,NA
"5","UM119","cluster2","cluster2",0.678917155543995,0.00960477343010419,0.0368621205239325,0.259043309579977,0.015572640921992,NA
"6","UM119","cluster2","cluster2",0.697797069688987,0.0095417164450487,0.0401057369665382,0.238123628947981,0.0144318479514452,NA
"7","UM119","cluster2","cluster2",0.707276709961332,0.00972245086811778,0.0464046231543681,0.220564745880691,0.0160314701354911,NA
"8","UM119","cluster2","cluster2",0.751820726110688,0.0105343501289865,0.0287573375257391,0.192717237666502,0.0161703485680846,NA
"9","UM119","cluster2","cluster2",0.705164952866117,0.00947206614866473,0.0375623395797711,0.229586280520574,0.0182143608848729,NA
"10","UM119","cluster2","cluster2",0.687740860369798,0.0100358603739381,0.0532654602384864,0.234493952563827,0.0144638664539509,NA
"11","UM119","cluster2","cluster2",0.686021142848917,0.0102092340389858,0.0382035545128519,0.249055103507331,0.0165109650919137,NA
"12","UM119","cluster2","cluster2",0.688590369011836,0.00948409641153527,0.029434352702951,0.257265740141925,0.015225441731753,NA
"13","UM119","cluster2","cluster2",0.709861985373891,0.0103113965360278,0.046653561855389,0.21749454424764,0.0156785119870529,NA
"14","UM119","cluster2","cluster2",0.700316285310287,0.00968199528648716,0.0472483288932914,0.225999363084681,0.0167540274252536,NA
"15","UM119","cluster2","cluster2",0.643945015005972,0.00910852533767803,0.0554388372573575,0.275938713565984,0.0155689088330087,NA
"16","UM119","cluster2","cluster2",0.694306782166704,0.0095759609707305,0.0336313073923434,0.246470399825123,0.0160155496450999,NA
"17","UM119","cluster2","cluster2",0.677642503901291,0.00950354418106196,0.0549032388707647,0.245297526810015,0.0126531862368675,NA
"18","UM119","cluster2","cluster2",0.689807375062279,0.00956316597952766,0.036255114381912,0.247929950659177,0.016444393917104,NA
"19","UM119","cluster2","cluster2",0.767141455486285,0.0110720379664939,0.0371384592361968,0.16537315649155,0.0192748908194743,NA
"20","UM119","cluster2","cluster2",0.669215331014715,0.0101343586205157,0.0451575708981086,0.259451020197085,0.0160417192695759,NA
"21","UM119","cluster2","cluster2",0.754175175956863,0.0103690945817239,0.039867823548279,0.179535536552637,0.0160523693604969,NA
"22","UM119","cluster2","cluster2",0.662211090434688,0.00927333241089269,0.0354301036651057,0.273951681464596,0.0191337920247176,NA
"23","UM119","cluster2","cluster2",0.684208599275206,0.00988537094227791,0.0341585859368244,0.253403758215368,0.0183436856303235,NA
"24","UM119","cluster2","cluster2",0.651033306776593,0.00950453891425681,0.03498475512444,0.289600491998282,0.0148769071864285,NA
"25","UM119","cluster2","cluster2",0.658208947088041,0.00897296021160885,0.0347387690813301,0.282371798426279,0.015707525192741,NA
"26","UM119","cluster2","cluster2",0.679508196584979,0.00934870001135124,0.0497440351153298,0.247279390827751,0.0141196774605887,NA
"27","UM119","cluster2","cluster2",0.719709124415341,0.0100647565010103,0.0313873243116105,0.222333701943154,0.0165050928288847,NA
"28","UM119","cluster2","cluster2",0.701994137217425,0.00999842323561864,0.0348899935428722,0.236267630348102,0.0168498156559825,NA
"29","UM119","cluster2","cluster2",0.715471187791245,0.00998718826970243,0.0476700890016879,0.208420815963986,0.0184507189733791,NA
"30","UM119","cluster2","cluster2",0.64344482997813,0.00915361698088752,0.03751174891598,0.297266983510884,0.0126228206141186,NA
"31","UM119","cluster2","cluster2",0.659519372087801,0.00952713626702614,0.0299603767280329,0.284456523179684,0.0165365917374566,NA
"32","UM119","cluster2","cluster2",0.650327934559836,0.00884367934943193,0.0346144294920275,0.29253657228116,0.0136773843175448,NA
"33","UM119","cluster2","cluster2",0.685243583569634,0.00970586156736421,0.0358575124675752,0.253772979674295,0.0154200627211311,NA
"34","UM119","cluster2","cluster2",0.669827731597647,0.00932256869174182,0.03709940255786,0.270043441280916,0.0137068558718346,NA
"35","UM119","cluster2","cluster2",0.741512558321943,0.0103386442594896,0.0302735432488294,0.202272457295687,0.0156027968740513,NA
"36","UM119","cluster2","cluster2",0.729881267239362,0.00973726092283793,0.0515148788303676,0.190251575600091,0.0186150174073417,NA
"37","UM119","cluster2","cluster2",0.666948078673471,0.00957132010737866,0.048275217185026,0.260238219324141,0.0149671647099838,NA
"38","UM119","cluster2","cluster2",0.68124778226128,0.00957392829517516,0.0493406565830775,0.244512565061283,0.0153250677991835,NA
"39","UM119","cluster2","cluster2",0.755192081487119,0.0107806330103358,0.0299600485375683,0.188918186093576,0.0151490508714011,NA
"40","UM119","cluster2","cluster2",0.656067173868072,0.00943674014035085,0.0383619071610163,0.280185498767917,0.0159486800626435,NA
"41","UM119","cluster2","cluster2",0.704068098400629,0.00964583753414314,0.0450731627093839,0.223886792165247,0.0173261091905975,NA
"42","UM119","cluster2","cluster2",0.74036353801285,0.0103978335789666,0.0404689258885822,0.191676783354532,0.0170929191650692,NA
"43","UM119","cluster2","cluster2",0.741192666997847,0.0103425524660452,0.0495877110860322,0.181596599692036,0.0172804697580393,NA
"44","UM119","cluster2","cluster2",0.694052606875382,0.00945634418800351,0.0365491709259392,0.243953901691299,0.0159879763193755,NA
"45","UM119","cluster2","cluster2",0.71297153106277,0.0100009075973279,0.0387626166836993,0.222559261281647,0.0157056833745557,NA
"46","UM119","cluster2","cluster2",0.62644697645183,0.00846543082677671,0.0400693943396542,0.311520033571098,0.0134981648106408,NA
"47","UM119","cluster2","cluster2",0.632223904267903,0.00905952133111592,0.0275915970340316,0.315717166639199,0.0154078107277513,NA
"48","UM119","cluster2","cluster2",0.595363891905089,0.00879419737241018,0.0418583993187713,0.337573841462715,0.0164096699410144,NA
"49","UM119","cluster2","cluster2",0.691151251921417,0.00976698036681965,0.0394920760994528,0.244945641681875,0.0146440499304355,NA
"50","UM119","cluster2","cluster2",0.719675499287772,0.0100030778209298,0.0385907493970161,0.215822599961148,0.0159080735331343,NA
"51","UM119","cluster2","cluster2",0.681336890997081,0.00988456567492544,0.0497430416925004,0.241242840772548,0.0177926608629457,NA
"52","UM119","cluster2","cluster2",0.700972190114154,0.00971738574291789,0.0304821620889906,0.242977431667975,0.0158508303859622,NA
"53","UM119","cluster2","cluster2",0.690727083932981,0.00966068712965303,0.033043750777999,0.25146519910327,0.0151032790560971,NA
"54","UM119","cluster2","cluster2",0.729178197230654,0.0100701037152967,0.0435467002091893,0.199932109858966,0.017272888985894,NA
"55","UM119","cluster2","cluster2",0.657638398647448,0.00926608463856061,0.0434441012732368,0.274265447045487,0.0153859683952673,NA
"56","UM119","cluster2","cluster2",0.755359012214168,0.00991568565283465,0.0398362507612549,0.175542068769044,0.0193469826026992,NA
"57","UM119","cluster2","cluster2",0.687772399524297,0.00953329733764737,0.0344104828846278,0.253656766552226,0.0146270537012017,NA
"58","UM119","cluster2","cluster2",0.703838059599104,0.00960677358805902,0.0318203596866373,0.239159450939671,0.0155753561865288,NA
"59","UM119","cluster2","cluster2",0.692284536451005,0.00998396738405417,0.0385657680891324,0.243106282996901,0.0160594450789078,NA
"60","UM119","cluster2","cluster2",0.694972041517124,0.00985588945118487,0.0432195109431934,0.236549320451613,0.0154032376368843,NA
"61","UM119","cluster2","cluster2",0.733867370999237,0.0103237832437572,0.0442013770384021,0.195418977815509,0.0161884909030944,NA
"62","UM119","cluster2","cluster2",0.67094944209854,0.00948780545612795,0.0407656199841572,0.261488748775685,0.0173083836854898,NA
"63","UM119","cluster2","cluster2",0.692317500468563,0.00962629884210734,0.0734618934611738,0.207723925817494,0.0168703814106616,NA
"64","UM119","cluster2","cluster2",0.651486975209763,0.00965871315190438,0.0435452684707777,0.280516345246885,0.0147926979206701,NA
"65","UM119","cluster2","cluster2",0.689231157891612,0.0101387692282688,0.0381141022028442,0.247500126764857,0.0150158439124183,NA
"66","UM119","cluster2","cluster2",0.646271074682383,0.00928448129835328,0.0383736462484074,0.291329527457823,0.0147412703130337,NA
"67","UM119","cluster2","cluster2",0.724557389070978,0.01034742683695,0.0353947191125638,0.212679659495691,0.0170208054838169,NA
"68","UM119","cluster2","cluster2",0.681715294674877,0.00964276903109499,0.0407863345052507,0.24967902716966,0.0181765746191169,NA
"69","UM119","cluster2","cluster2",0.684642489117682,0.0101291177180421,0.0589017591301499,0.228481474125621,0.0178451599085053,NA
"70","UM119","cluster2","cluster2",0.699448126714448,0.00967706221369285,0.0371620701774297,0.237189565202269,0.0165231756921601,NA
"71","UM119","cluster2","cluster2",0.731130032146622,0.0101033323844061,0.0380410814599888,0.206232350789891,0.0144932032190919,NA
"72","UM119","cluster2","cluster2",0.710613346491496,0.0098669727485895,0.0358000039768958,0.226343499334931,0.0173761774480869,NA
"73","UM119","cluster2","cluster2",0.700051085433444,0.00984335605687865,0.0404990298945452,0.234938089117042,0.01466843949809,NA
"74","UM119","cluster2","cluster2",0.67960593646665,0.00967889036384896,0.0311390460928867,0.263990276508242,0.0155858505683723,NA
"75","UM119","cluster2","cluster2",0.666830982919032,0.00968253188700539,0.0306764685135306,0.277547376527624,0.0152626401528078,NA
"76","UM119","cluster2","cluster2",0.651261119839652,0.00963792863664947,0.0324628676701185,0.291062369931824,0.0155757139217565,NA
"77","UM119","cluster2","cluster2",0.647988492008066,0.00907287593177681,0.034463416257659,0.29502636914793,0.0134488466545682,NA
"78","UM119","cluster2","cluster2",0.688478934962098,0.0091529238398733,0.0565812113249984,0.231308005762602,0.0144789241104286,NA
"79","UM119","cluster2","cluster2",0.715234346051961,0.0101968411914385,0.0398065361780383,0.219152814176845,0.0156094624017174,NA
"80","UM119","cluster2","cluster2",0.643787845057032,0.00913993789936437,0.065649644985173,0.266542591075616,0.0148799809828146,NA
"81","UM119","cluster2","cluster2",0.666054731805134,0.00898593727972669,0.0355670002716979,0.275134708923168,0.0142576217202734,NA
"82","UM119","cluster2","cluster2",0.702428202985449,0.0103018894941747,0.0331104304278479,0.236935324785254,0.0172241523072743,NA
"83","UM119","cluster2","cluster2",0.714761825323355,0.0102795427575046,0.0378337060985409,0.219886321710999,0.0172386041096008,NA
"84","UM119","cluster2","cluster2",0.64042822209492,0.00916597868259222,0.0329928498797001,0.301753701342668,0.0156592480001196,NA
"85","UM119","cluster2","cluster2",0.661758693036329,0.00879225486962691,0.0386306667885307,0.273819862191901,0.0169985231136125,NA
"86","UM119","cluster2","cluster2",0.638934041787487,0.00921179282946664,0.0307459408527516,0.307365375890815,0.01374284863948,NA
"87","UM119","cluster2","cluster2",0.730471362215876,0.0104667932463182,0.0328563239611483,0.207596173268767,0.018609347307891,NA
"88","UM119","cluster2","cluster2",0.690397562763495,0.0101422362688198,0.0421412711776411,0.237329248383923,0.0199896814061205,NA
"89","UM119","cluster2","cluster2",0.647837078993732,0.00898289939333321,0.0397237123661786,0.289664332840265,0.0137919764064912,NA
"90","UM119","cluster2","cluster2",0.704208572099074,0.00957139359419219,0.0380549304358118,0.233729023637583,0.0144360802333387,NA
"91","UM119","cluster2","cluster2",0.660767142680809,0.00908867035196974,0.0454536155937088,0.27146043227077,0.0132301391027421,NA
"92","UM119","cluster2","cluster2",0.730543718930995,0.0104639731434276,0.0496471175421611,0.192728630173114,0.0166165602103019,NA
"93","UM119","cluster2","cluster2",0.716364705536463,0.0104120252571672,0.0291038178739771,0.225681027905546,0.0184384234268474,NA
"94","UM119","cluster2","cluster2",0.672797668758329,0.00960262900642683,0.0382710457489918,0.264751097279627,0.0145775592066252,NA
"95","UM119","cluster2","cluster2",0.690910959802627,0.00959984418184977,0.0379660285913124,0.242148939934986,0.019374227489224,NA
"96","UM119","cluster2","cluster2",0.698880427654528,0.0101356560532321,0.0447876399582086,0.229283182208322,0.0169130941257091,NA
"97","UM119","cluster2","cluster2",0.64429411262983,0.00881754443443381,0.0326254310718139,0.299270492885718,0.0149924189782044,NA
"98","UM119","cluster2","cluster2",0.677250785807016,0.00907347437476594,0.035545746122037,0.262610315077451,0.0155196786187301,NA
"99","UM119","cluster2","cluster2",0.697849779191534,0.00974446991139583,0.042932235824451,0.229869353430651,0.0196041616419687,NA
"100","UM119","cluster2","cluster2",0.678143172781747,0.00939436936766392,0.0456163487672131,0.251337182173395,0.0155089269099807,NA
"101","UM119","cluster2","cluster2",0.720784098549567,0.0100891365481574,0.0344803485253157,0.217338247220686,0.0173081691562736,NA
"102","UM119","cluster2","cluster2",0.671944650438024,0.00990333506401863,0.0623150615127882,0.239530278349189,0.0163066746359803,NA
"103","UM119","cluster2","cluster2",0.701112592725136,0.0100213237978461,0.0381456674971468,0.234356600494826,0.0163638154850449,NA
"104","UM119","cluster2","cluster2",0.696430933935392,0.00964174116859542,0.0311670722350096,0.245731050174011,0.0170292024869915,NA
"105","UM119","cluster2","cluster2",0.726066217541833,0.0105969205062081,0.0360986950861808,0.211822987007684,0.0154151798580942,NA
"106","UM119","cluster2","cluster2",0.727836336526305,0.00970786518714315,0.0488284021273408,0.200311001242701,0.0133163949165105,NA
"107","UM119","cluster2","cluster2",0.681597209467758,0.00903345592040591,0.0367507461165867,0.257787701144875,0.0148308873503736,NA
"108","UM119","cluster2","cluster2",0.691894524430087,0.00984849079580026,0.0332122063368279,0.252307095031017,0.0127376834062681,NA
"109","UM119","cluster2","cluster2",0.659497273312246,0.00963964519590108,0.0304600034588193,0.281980323512485,0.0184227545205483,NA
"110","UM119","cluster2","cluster2",0.697730998532875,0.0100174203094614,0.057590540314512,0.220911694512987,0.0137493463301648,NA
"111","UM119","cluster2","cluster2",0.729697778877648,0.0098291346650479,0.0397011076554475,0.205178504530693,0.0155934742711637,NA
"112","UM119","cluster2","cluster2",0.694824992342652,0.00902353724228341,0.0483568461421744,0.234528199508076,0.0132664247648144,NA
"113","UM119","cluster2","cluster2",0.686030028779044,0.009571147381022,0.0325721772321188,0.255936669226719,0.0158899773810963,NA
"114","UM119","cluster2","cluster2",0.743451744787076,0.00993954655647409,0.0290394826914522,0.198485796485996,0.019083429479002,NA
"115","UM119","cluster2","cluster2",0.71518067581866,0.0106104477911952,0.048705118447754,0.208539928693819,0.0169638292485722,NA
"116","UM119","cluster2","cluster2",0.672844336404298,0.00970740772560327,0.0681390584756165,0.232930313378028,0.0163788840164547,NA
"117","UM119","cluster2","cluster2",0.699924842166586,0.00989093085597167,0.0402014955076884,0.234695913115302,0.0152868183544521,NA
"118","UM119","cluster2","cluster2",0.694311821025108,0.00950668712901179,0.0400028009696172,0.238432036604219,0.0177466542720447,NA
"119","UM119","cluster2","cluster2",0.702913577531234,0.00996346199106126,0.0410682427278048,0.22878458585387,0.0172701318960301,NA
"120","UM119","cluster2","cluster2",0.695874368773201,0.00990682941653602,0.0439993984356503,0.233277788805646,0.0169416145689666,NA
"121","UM119","cluster2","cluster2",0.667723230991444,0.00934826240062763,0.0365472241572864,0.272358124540382,0.0140231579102595,NA
"122","UM119","cluster2","cluster2",0.750478636828673,0.0104984865537665,0.0426760134696638,0.181229599492472,0.0151172636554249,NA
"123","UM119","cluster2","cluster2",0.714441746005318,0.00974304057097126,0.0330570099959279,0.225444752998432,0.0173134504293509,NA
"124","UM119","cluster2","cluster2",0.704575133703427,0.00979298796577766,0.0324270886234317,0.237415139478831,0.0157896502285334,NA
"125","UM119","cluster2","cluster2",0.70202721779636,0.00938255520006854,0.0359312809331875,0.236305484711137,0.0163534613592471,NA
"126","UM119","cluster2","cluster2",0.650457659113123,0.00942527486291377,0.0436414537338856,0.281314316566611,0.0151612957234663,NA
"127","UM119","cluster2","cluster2",0.688542125231602,0.00964931444564759,0.0360488347499092,0.250778435139586,0.0149812904332558,NA
"128","UM119","cluster2","cluster2",0.673900993189871,0.00963058209046792,0.0508035930281002,0.249440214643488,0.0162246170480731,NA
"129","UM119","cluster2","cluster2",0.710607280562483,0.00972586322627636,0.036747817609836,0.225681580606651,0.0172374579947533,NA
"130","UM119","cluster2","cluster2",0.658526685224706,0.0100418293347534,0.0416745109410587,0.272112117210974,0.0176448572885077,NA
"131","UM119","cluster2","cluster2",0.69322584618521,0.0101510596596193,0.0413274059223253,0.237441584552522,0.0178541036803236,NA
"132","UM119","cluster2","cluster2",0.645726790077386,0.00972243903129907,0.0345370589149982,0.293990522017151,0.0160231899591659,NA
"133","UM119","cluster2","cluster2",0.678197000662972,0.00966852002460394,0.0348412794400104,0.263659086582893,0.0136341132895207,NA
"134","UM119","cluster2","cluster2",0.654271318565449,0.00956579436195358,0.0575196049105325,0.26420433262421,0.0144389495378552,NA
"135","UM119","cluster2","cluster2",0.709229011102567,0.00996236070461959,0.045880001453153,0.219099341738873,0.015829285000788,NA
"136","UM119","cluster2","cluster2",0.680399895875517,0.00980542088096784,0.0343415298341719,0.259665277351029,0.015787876058315,NA
"137","UM119","cluster2","cluster2",0.708558645508621,0.00981100918716792,0.0658032270255245,0.200280528790754,0.0155465894879325,NA
"138","UM119","cluster2","cluster2",0.666124965216795,0.00953430567858789,0.0555314389828337,0.25334943748983,0.0154598526319537,NA
"139","UM119","cluster2","cluster2",0.6585060443473,0.00879074718330214,0.0503931279302124,0.267629920743128,0.0146801597960576,NA
"140","UM119","cluster2","cluster2",0.702932684091136,0.00988868480184442,0.0351390259340462,0.236444659102262,0.015594946070712,NA
"141","UM119","cluster2","cluster2",0.703805467652795,0.0095383174135826,0.0342576329820661,0.236822206815708,0.0155763751358486,NA
"142","UM119","cluster2","cluster2",0.729076424177501,0.00995998215098755,0.0288316489468886,0.212633959386943,0.0194979853376798,NA
"143","UM119","cluster2","cluster2",0.679029553327409,0.00980616747072541,0.0389735029770199,0.256899990094479,0.015290786130367,NA
"144","UM119","cluster2","cluster2",0.707993994301824,0.010143246494103,0.0411953403975514,0.225164409091857,0.0155030097146644,NA
"145","UM119","cluster2","cluster2",0.70141389359741,0.00961321944485261,0.0314566348542117,0.23777432230789,0.0197419297956364,NA
"146","UM119","cluster2","cluster2",0.694884361661025,0.00984481226781626,0.039511435411128,0.236861949799932,0.0188974408600988,NA
"147","UM119","cluster2","cluster2",0.718807203761069,0.00993436120942628,0.0423485828552305,0.211977288228831,0.0169325639454426,NA
"148","UM119","cluster2","cluster2",0.65739590561512,0.00927623661449188,0.0425510330025945,0.276330110513908,0.0144467142538861,NA
"149","UM119","cluster2","cluster2",0.687826397472553,0.0102316981027678,0.0391395341339773,0.246181617873434,0.0166207524172672,NA
"150","UM119","cluster2","cluster2",0.709825735007407,0.0106124045942214,0.0431584099287156,0.218335559336335,0.0180678911333208,NA
"151","UM119","cluster2","cluster2",0.657694981228675,0.00912706105082606,0.0348711961251528,0.283832791540366,0.0144739700549795,NA
"152","UM119","cluster2","cluster2",0.666509097135376,0.00971797036208487,0.0319311542067764,0.276953217043244,0.0148885612525182,NA
"153","UM119","cluster2","cluster2",0.650635525882782,0.00908781343788427,0.0523740869150233,0.271275908493666,0.0166266652706444,NA
"154","UM119","cluster2","cluster2",0.717236913676659,0.00979209219954725,0.0378551825487484,0.215784641717827,0.0193311698572184,NA
"155","UM119","cluster2","cluster2",0.711406895645599,0.00997519883893217,0.0412966099209112,0.221463386478824,0.0158579091157334,NA
"156","UM119","cluster2","cluster2",0.677530411940147,0.00928405169900173,0.0354732556615563,0.262202061158944,0.0155102195403516,NA
"157","UM119","cluster2","cluster2",0.768581730207731,0.01109447076377,0.0376909986547641,0.165527796611693,0.0171050037620416,NA
"158","UM119","cluster2","cluster2",0.656568976090925,0.00945198332577277,0.0366497460929306,0.280862058659753,0.0164672358306182,NA
"159","UM119","cluster2","cluster2",0.696638477503694,0.00947704883756258,0.0501958028463667,0.229933208172954,0.0137554626394225,NA
"160","UM119","cluster2","cluster2",0.661128893292588,0.00953393234173019,0.0328352595663142,0.281142205076529,0.0153597097228391,NA
"161","UM119","cluster2","cluster2",0.710065281616951,0.00967712289224783,0.0388689957581665,0.225800897838266,0.0155877018943689,NA
"162","UM119","cluster2","cluster2",0.667933944944404,0.00935707786627176,0.0380498718106978,0.268223098525568,0.0164360068530585,NA
"163","UM119","cluster2","cluster2",0.698745073442156,0.0104782021003202,0.0470964203722471,0.228379653396237,0.015300650689039,NA
"164","UM119","cluster2","cluster2",0.722449616203536,0.0101865040186705,0.0307931791258325,0.22205647831446,0.014514222337501,NA
"165","UM119","cluster2","cluster2",0.714724931487838,0.0103646980863212,0.0369205842557229,0.218972974902834,0.019016811267284,NA
"166","UM119","cluster2","cluster2",0.703131367005506,0.00983192268395641,0.0496072471871727,0.219611948908971,0.017817514214394,NA
"167","UM119","cluster2","cluster2",0.666328527823909,0.00916857367873725,0.0444309167529625,0.265182039459259,0.0148899422851325,NA
"168","UM119","cluster2","cluster2",0.685477365524975,0.00962431543545588,0.0394567678730716,0.247537308743126,0.0179042424233716,NA
"169","UM119","cluster2","cluster2",0.672942672692211,0.00954609844725818,0.0361686260464718,0.265110357765351,0.0162322450487085,NA
"170","UM119","cluster2","cluster2",0.694321690820648,0.00948009556302909,0.0361875392279786,0.244244019855117,0.0157666545332274,NA
"171","UM119","cluster2","cluster2",0.671296150344874,0.00913015237083284,0.0431867331383046,0.262014333056397,0.0143726310895915,NA
"172","UM119","cluster2","cluster2",0.694912540688689,0.00946606160591816,0.03889630348543,0.239502262915274,0.0172228313046886,NA
"173","UM119","cluster2","cluster2",0.663292107146287,0.00931954490032308,0.0523427663781076,0.259204788050701,0.0158407935245815,NA
"174","UM119","cluster2","cluster2",0.701124835602486,0.0099802179185091,0.0355704460809968,0.236229618896456,0.0170948815015514,NA
"175","UM119","cluster2","cluster2",0.638798700407456,0.00917077144141386,0.0445818257444009,0.29178633778715,0.0156623646195791,NA
"176","UM119","cluster2","cluster2",0.690216219357212,0.00935191801500116,0.0408828682189201,0.24418940631263,0.015359588096237,NA
"177","UM119","cluster2","cluster2",0.691077399811527,0.00967761939966712,0.0436777915054531,0.238466887259194,0.017100302024159,NA
"178","UM119","cluster2","cluster2",0.706089394329184,0.0102223587106156,0.0438121532311377,0.224075130469997,0.0158009632590658,NA
"179","UM119","cluster2","cluster2",0.67657352762054,0.00952790486922456,0.0334077480022573,0.265499249056911,0.0149915704510676,NA
"180","UM119","cluster2","cluster2",0.665327851071368,0.00949191507556304,0.0327414000547212,0.277645974802961,0.0147928589953871,NA
"181","UM119","cluster2","cluster2",0.691684552615183,0.00974844194669663,0.0369873194773034,0.24353985683694,0.0180398291238773,NA
"182","UM119","cluster2","cluster2",0.710221174816256,0.00985746320300557,0.0305464489097059,0.231733092846683,0.01764182022435,NA
"183","UM119","cluster2","cluster2",0.715511500782786,0.010055964618276,0.0374975524536539,0.220500501572402,0.0164344805728823,NA
"184","UM119","cluster2","cluster2",0.655681805050895,0.00956924925204743,0.0470800963580381,0.268701596303798,0.0189672530352212,NA
"185","UM119","cluster2","cluster2",0.729947166244585,0.0102989918959877,0.0447348885943026,0.198482758406937,0.0165361948581875,NA
"186","UM119","cluster2","cluster2",0.691574141140582,0.00976129508561016,0.0357877055083275,0.247033144808685,0.015843713456795,NA
"187","UM119","cluster2","cluster2",0.639716868893895,0.00936539592477634,0.0413271612578146,0.296047038894445,0.0135435350290694,NA
"188","UM119","cluster2","cluster2",0.694344738643362,0.00992785595604439,0.0459464543349694,0.231027949750683,0.0187530013149413,NA
"189","UM119","cluster2","cluster2",0.671039685736296,0.00950475534671509,0.0295604199017213,0.276157631458482,0.0137375075567855,NA
"190","UM119","cluster2","cluster2",0.747785097941943,0.0105669334937476,0.0356521821037468,0.187862092155688,0.0181336943048747,NA
"191","UM119","cluster2","cluster2",0.69461701472014,0.00972382212446093,0.0377090752195234,0.240899089501289,0.0170509984345867,NA
"192","UM119","cluster2","cluster2",0.707956430463166,0.0101234289156368,0.0456929108826451,0.219500586720956,0.0167266430175961,NA
"193","UM119","cluster2","cluster2",0.70029859220736,0.0102254193623686,0.0382387972938024,0.233671356061579,0.0175658350748905,NA
"194","UM119","cluster2","cluster2",0.653027917886576,0.00915234739279806,0.0298184973475243,0.289746235507435,0.0182550018656665,NA
"195","UM119","cluster2","cluster2",0.67990426418087,0.00964289835223669,0.0408811285250132,0.254942607657739,0.0146291012841417,NA
"196","UM119","cluster2","cluster2",0.705692240308036,0.00993376111385932,0.0270247436795506,0.243039627821534,0.0143096270770194,NA
"197","UM119","cluster2","cluster2",0.73937312735255,0.0102577752715802,0.0294236791941296,0.204394155963539,0.016551262218202,NA
"198","UM119","cluster2","cluster2",0.698363826306133,0.00982652567154495,0.040603157172552,0.235370461971043,0.0158360288787271,NA
"199","UM119","cluster2","cluster2",0.716617503835771,0.00994427933416376,0.0455259089721922,0.21329178166531,0.0146205261925627,NA
"200","UM119","cluster2","cluster2",0.63840295168029,0.00976544952904347,0.0334624531642783,0.30397261220567,0.0143965334207181,NA
"201","UM072","cluster2","cluster2",0.476529974927647,0.0104355035162037,0.00952822009731818,0.49199838086651,0.0115079205923219,NA
"202","UM072","cluster2","cluster2",0.445030063051631,0.0117178321468077,0.0101859043755042,0.518989191388526,0.0140770090375313,NA
"203","UM072","cluster2","cluster2",0.459333316085246,0.013508591697121,0.0101929722863635,0.502406007760097,0.0145591121711724,NA
"204","UM072","cluster2","cluster2",0.475106106749222,0.0115870350042233,0.00851705665659797,0.490741255608254,0.0140485459817027,NA
"205","UM072","cluster2","cluster2",0.490437454260809,0.0118164682869496,0.0102502484528538,0.473815666633521,0.0136801623658671,NA
"206","UM072","cluster2","cluster2",0.507147992262718,0.0110295713831782,0.00979719028698972,0.459603978691722,0.0124212673753923,NA
"207","UM072","cluster2","cluster2",0.444973718488284,0.0101550602009386,0.00938810516777281,0.522250514685301,0.0132326014577041,NA
"208","UM072","cluster2","cluster2",0.504928182528409,0.0103325723835991,0.0100407839090608,0.46199254796284,0.0127059132160912,NA
"209","UM072","cluster2","cluster2",0.492556080568435,0.0115586713945179,0.00999789579829208,0.47136255255004,0.0145247996887156,NA
"210","UM072","cluster2","cluster2",0.506159510878066,0.0105133641412467,0.00906900994039474,0.461662283663447,0.012595831376846,NA
"211","UM072","cluster2","cluster2",0.466015196078492,0.00988936601841128,0.00948487565454044,0.500975694266529,0.0136348679820278,NA
"212","UM072","cluster2","cluster2",0.506988339574397,0.0112516545904908,0.00807571841208168,0.460775651459314,0.0129086359637168,NA
"213","UM072","cluster2","cluster2",0.488301406785072,0.011576143718792,0.0106216690041399,0.477387221239672,0.0121135592523243,NA
"214","UM072","cluster2","cluster2",0.527896670761358,0.0143549277316517,0.0122213056168143,0.429742699015494,0.015784396874682,NA
"215","UM072","cluster2","cluster2",0.505802283672333,0.0115475942674738,0.00927008868718486,0.457963319279899,0.0154167140931094,NA
"216","UM072","cluster2","cluster2",0.482360558144777,0.0113528738827409,0.00964969443144163,0.482503689834158,0.014133183706882,NA
"217","UM072","cluster2","cluster2",0.46204677827946,0.0122612025790433,0.00954894194905511,0.50476853114039,0.0113745460520509,NA
"218","UM072","cluster2","cluster2",0.471717101610196,0.011086725735933,0.00964642054216645,0.491266378030476,0.0162833740812289,NA
"219","UM072","cluster2","cluster2",0.475373060578111,0.0128026740290781,0.00952231353821088,0.486673083600874,0.0156288682537261,NA
"220","UM072","cluster2","cluster2",0.476857991960949,0.0118539452491473,0.00972030123272489,0.486519258016295,0.015048503540883,NA
"221","UM072","cluster2","cluster2",0.494357378995492,0.0100950922735678,0.00886247617115689,0.474155924456074,0.0125291281037091,NA
"222","UM072","cluster2","cluster2",0.497505264500312,0.0104659324273121,0.0103126379650161,0.465188259389377,0.0165279057179828,NA
"223","UM072","cluster2","cluster2",0.459638384780266,0.0112352530650863,0.00971890936454032,0.504375959833506,0.0150314929566018,NA
"224","UM072","cluster2","cluster2",0.483385710215809,0.0109809789923772,0.00887989251710924,0.483200656808544,0.013552761466161,NA
"225","UM072","cluster2","cluster2",0.466775132964256,0.0125197146297102,0.00858665234682036,0.498444649941191,0.0136738501180229,NA
"226","UM072","cluster2","cluster2",0.483600196558892,0.0126202248919121,0.00911311878515646,0.482863355513981,0.0118031042500584,NA
"227","UM072","cluster2","cluster2",0.505864767049133,0.0111590802631016,0.0097127474499683,0.459468132735612,0.0137952725021853,NA
"228","UM072","cluster2","cluster2",0.482176962853483,0.0110421080594855,0.00927821173064952,0.483530252112123,0.0139724652442595,NA
"229","UM072","cluster2","cluster2",0.477531893182084,0.0137473189117063,0.0101327915952079,0.48102968052819,0.0175583157828117,NA
"230","UM072","cluster2","cluster2",0.4772378965391,0.011497796980458,0.00957646529387619,0.490612077433037,0.011075763753529,NA
"231","UM072","cluster2","cluster2",0.442834048404117,0.0102318138023931,0.00907347977297553,0.521595789552655,0.016264868467859,NA
"232","UM072","cluster2","cluster2",0.447279605071816,0.0119752046008578,0.00868309162637031,0.520194528237401,0.0118675704635555,NA
"233","UM072","cluster2","cluster2",0.457690522004159,0.010578248326166,0.00891644041643531,0.508756730405466,0.0140580588477739,NA
"234","UM072","cluster2","cluster2",0.474721147991898,0.00944099987570967,0.00851595021925182,0.494228174614781,0.0130937272983598,NA
"235","UM072","cluster2","cluster2",0.493086990866343,0.0116034531068364,0.00892553469170905,0.472474208219405,0.0139098131157059,NA
"236","UM072","cluster2","cluster2",0.494962190712387,0.0124284381113221,0.010611667261398,0.465037129694961,0.0169605742199322,NA
"237","UM072","cluster2","cluster2",0.483697364250798,0.0122045703188573,0.00916007777513492,0.481600998308042,0.0133369893471687,NA
"238","UM072","cluster2","cluster2",0.494260841920258,0.0102043411709395,0.00934464580683952,0.473001973100768,0.0131881980011956,NA
"239","UM072","cluster2","cluster2",0.46182359884334,0.0114770291339401,0.00943195679736123,0.505310828560829,0.0119565866645296,NA
"240","UM072","cluster2","cluster2",0.502084431576941,0.00995751503887514,0.00946305156279323,0.463878692873514,0.0146163089478769,NA
"241","UM072","cluster2","cluster2",0.479944317692029,0.00905957809071122,0.00955055793126428,0.48711855694418,0.0143269893418153,NA
"242","UM072","cluster2","cluster2",0.494147450714138,0.0102946945934701,0.0090620141565892,0.472554362034481,0.0139414785013221,NA
"243","UM072","cluster2","cluster2",0.533012994120737,0.0115466993641242,0.0105997602563124,0.430434272105416,0.0144062741534104,NA
"244","UM072","cluster2","cluster2",0.473968169786975,0.0117211124234729,0.00935734819141013,0.490214533685325,0.0147388359128165,NA
"245","UM072","cluster2","cluster2",0.471910769757753,0.0122089289340843,0.00993196173639771,0.492749499558403,0.0131988400133623,NA
"246","UM072","cluster2","cluster2",0.472809097612521,0.0102972428079039,0.00932727262157038,0.495261207858106,0.0123051790998981,NA
"247","UM072","cluster2","cluster2",0.490794896402701,0.0122052658335504,0.0093802892895441,0.47275920761638,0.0148603408578242,NA
"248","UM072","cluster2","cluster2",0.459272561926353,0.0115172328969931,0.0104544048536151,0.503860066870222,0.0148957334528169,NA
"249","UM072","cluster2","cluster2",0.478397798593274,0.0109292785517546,0.0111486513458471,0.486810607422965,0.0127136640861602,NA
"250","UM072","cluster2","cluster2",0.506373058159631,0.0114762242166631,0.00898815507988715,0.460223501659333,0.0129390608844853,NA
"251","UM072","cluster2","cluster2",0.444383770443434,0.0116146197437389,0.00909498709729211,0.519875818764202,0.0150308039513324,NA
"252","UM072","cluster2","cluster2",0.508020556936683,0.0103027082870916,0.00949057967891048,0.457435232518985,0.0147509225783298,NA
"253","UM072","cluster2","cluster2",0.436486368633502,0.0119109692523198,0.0106921582999607,0.527770603011397,0.0131399008028206,NA
"254","UM072","cluster2","cluster2",0.475393561918967,0.0133830029711712,0.0104057202400781,0.484745310933217,0.0160724039365659,NA
"255","UM072","cluster2","cluster2",0.468267146072592,0.0118934446004305,0.00957775654135975,0.496410176127778,0.0138514766578398,NA
"256","UM072","cluster2","cluster2",0.498344392521891,0.0090201977977775,0.00902007128797126,0.468450931220703,0.0151644071716568,NA
"257","UM072","cluster2","cluster2",0.4771928419588,0.0122378396358138,0.00967582360467576,0.488530227532559,0.0123632672681513,NA
"258","UM072","cluster2","cluster2",0.531591224165665,0.0105498980489973,0.00873222536980605,0.436506925947129,0.0126197264684024,NA
"259","UM072","cluster2","cluster1",0.431799687820622,0.0127661446644658,0.010184327175755,0.529909140191931,0.0153407001472255,NA
"260","UM072","cluster2","cluster2",0.536485103786308,0.0150194332035655,0.00969438114213405,0.425611114687852,0.0131899671801399,NA
"261","UM072","cluster2","cluster2",0.551315596481614,0.0123488377947966,0.00999786257078285,0.412888457491784,0.0134492456610223,NA
"262","UM072","cluster2","cluster2",0.474703010795382,0.0100645689757498,0.0102207736061942,0.489639871038043,0.0153717755846309,NA
"263","UM072","cluster2","cluster2",0.47826672360429,0.0117565712334374,0.0106698646657562,0.484073845840132,0.0152329946563839,NA
"264","UM072","cluster2","cluster2",0.474552034607755,0.0114051031943921,0.00848951127694206,0.491545357201205,0.0140079937197062,NA
"265","UM072","cluster2","cluster2",0.475930768998635,0.0115810453178189,0.0100080713675772,0.490060725932956,0.0124193883830129,NA
"266","UM072","cluster2","cluster2",0.495015744331906,0.0130501224009013,0.0106202149523711,0.467279324709768,0.014034593605053,NA
"267","UM072","cluster2","cluster2",0.474520853994826,0.00960749240977442,0.00967242225295495,0.491966491136011,0.0142327402064342,NA
"268","UM072","cluster2","cluster2",0.475860656078679,0.0119967705097869,0.0100221798759608,0.485980431852282,0.0161399616832916,NA
"269","UM072","cluster2","cluster2",0.463946737663808,0.0116548160675997,0.00949181737401873,0.500616076736259,0.0142905521583143,NA
"270","UM072","cluster2","cluster2",0.469827339026971,0.0116003819479803,0.00915168887555699,0.494617215204177,0.0148033749453147,NA
"271","UM072","cluster2","cluster2",0.488036730419241,0.0137644596697157,0.0102599810525065,0.475578198300703,0.0123606305578335,NA
"272","UM072","cluster2","cluster2",0.478728953880596,0.0130981210125939,0.00981419100354319,0.483866742524005,0.0144919915792618,NA
"273","UM072","cluster2","cluster2",0.474958699507601,0.0105610997067183,0.00829479686801052,0.494801383738518,0.0113840201791522,NA
"274","UM072","cluster2","cluster2",0.481625130411428,0.0112124399255319,0.00896512451408344,0.484592818527514,0.0136044866214427,NA
"275","UM072","cluster2","cluster2",0.51513069442499,0.011635246756239,0.00918262923895394,0.45091780210095,0.0131336274788666,NA
"276","UM072","cluster2","cluster2",0.445761971087784,0.0120286308790059,0.0104660088218658,0.517517044628313,0.0142263445830308,NA
"277","UM072","cluster2","cluster2",0.497202439779889,0.00953540118216177,0.00910098182300836,0.473094288359012,0.0110668888559285,NA
"278","UM072","cluster2","cluster2",0.517154645514143,0.0122362800830018,0.0104855278067429,0.446275221353197,0.0138483252429151,NA
"279","UM072","cluster2","cluster2",0.509316306969579,0.012661151855733,0.0102792046382046,0.454314690657781,0.0134286458787027,NA
"280","UM072","cluster2","cluster2",0.464344756935325,0.0116128572146105,0.00996310745722257,0.499421226426899,0.0146580519659422,NA
"281","UM072","cluster2","cluster2",0.485535337948032,0.0124346440442869,0.00872102603966771,0.479521803904645,0.0137871880633684,NA
"282","UM072","cluster2","cluster2",0.477428338884442,0.011857804998694,0.00945028015997071,0.487094394296693,0.0141691816602,NA
"283","UM072","cluster2","cluster2",0.469973459161282,0.0107090407798377,0.0099790012945238,0.49406361914902,0.0152748796153368,NA
"284","UM072","cluster2","cluster2",0.399731619758639,0.0121524060648828,0.00950593815009452,0.56469327028426,0.0139167657421241,NA
"285","UM072","cluster2","cluster2",0.472948975888129,0.00834330167582021,0.00935006768246779,0.494180537384411,0.0151771173691718,NA
"286","UM072","cluster2","cluster2",0.476848964728779,0.00967733433295276,0.00952287641199535,0.491739732797716,0.0122110917285567,NA
"287","UM072","cluster2","cluster2",0.480670927165449,0.0121934066210534,0.00922118403956987,0.482280051058296,0.0156344311156319,NA
"288","UM072","cluster2","cluster2",0.428897364393818,0.0111208045115044,0.00972710335969423,0.533121970942521,0.0171327567924627,NA
"289","UM072","cluster2","cluster2",0.473216449294688,0.00924524133505903,0.0082921379547547,0.497665140967865,0.0115810304476332,NA
"290","UM072","cluster2","cluster2",0.523884212777038,0.0103411727576511,0.0101203101277305,0.443291208996045,0.0123630953415359,NA
"291","UM072","cluster2","cluster2",0.519735660376746,0.0104527556061886,0.00942772617732541,0.446208943740489,0.0141749140992507,NA
"292","UM072","cluster2","cluster2",0.49758463191306,0.0114654447661015,0.00972708790974515,0.466794070552489,0.0144287648586046,NA
"293","UM072","cluster2","cluster2",0.470467737434415,0.0127990239773415,0.0102094208584033,0.49027771099924,0.0162461067306004,NA
"294","UM072","cluster2","cluster2",0.426782460746655,0.0127075606935498,0.0089543699836606,0.538741017451023,0.0128145911251115,NA
"295","UM072","cluster2","cluster2",0.503728691061487,0.0108239249114183,0.00964353897441602,0.459923196974052,0.0158806480786261,NA
"296","UM072","cluster2","cluster2",0.480513031445453,0.0119440935610238,0.00947946961969746,0.48349181434906,0.0145715910247655,NA
"297","UM072","cluster2","cluster2",0.421788936230822,0.00946560499308397,0.0100149127509289,0.544389372741498,0.0143411732836668,NA
"298","UM072","cluster2","cluster2",0.46423241455926,0.0127060149132666,0.00931983795909955,0.498743320762814,0.0149984118055596,NA
"299","UM072","cluster2","cluster1",0.449397161571627,0.0107130801269176,0.00944220694008735,0.513755169717898,0.01669238164347,NA
"300","UM072","cluster2","cluster2",0.472971106969287,0.0137458074383425,0.0104432701169988,0.486572526529705,0.0162672889456668,NA
"301","UM072","cluster2","cluster2",0.451500301634031,0.0116141894435915,0.00975380374435709,0.512851503883008,0.0142802012950128,NA
"302","UM072","cluster2","cluster2",0.486117140494545,0.0118418443395897,0.00948601048304676,0.478928992691617,0.0136260119912011,NA
